


      Monthly air temperatures for VANUATU
      ------------------------------------

      Mth Year  Gaps     Good     Minimum    Maximum     Mean     St Devn
        1 1993   336      408     21.500     29.600     25.650     1.881
        2 1993     0      672     21.000     31.600     26.128     2.064
        3 1993     0      744     23.200     32.300     26.980     1.661
        4 1993   338      382     23.100     29.900     25.888     1.355
        5 1993   744        0
        6 1993   720        0
        7 1993   744        0
        8 1993   744        0
        9 1993   720        0
       10 1993   744        0
       11 1993   720        0
       12 1993   744        0
        1 1994   600      144     21.300     29.200     25.728     2.040
        2 1994     0      672     22.900     30.100     26.575     1.617
        3 1994     0      744     23.400     31.000     26.792     1.592
        4 1994     0      720     21.300     30.000     25.353     1.521
        5 1994     0      744     19.900     27.500     24.135     1.554
        6 1994     0      720     18.900     27.300     22.874     1.632
        7 1994     0      744     16.600     25.800     21.443     1.653
        8 1994     0      744     18.900     26.600     22.418     1.513
        9 1994     0      720     17.000     27.100     21.883     1.902
       10 1994     0      744     18.500     27.500     23.123     2.042
       11 1994     5      715     19.300     28.700     24.799     1.737
       12 1994     6      738     19.800     28.800     24.783     1.872
        1 1995     1      743     21.700     30.100     26.284     1.720
        2 1995     8      664     22.300     30.700     26.410     2.029
        3 1995     7      737     23.700     32.000     27.268     1.599
        4 1995    14      706     22.900     31.400     26.894     1.747
        5 1995     7      737     19.400     28.200     24.197     1.781
        6 1995     6      714     18.600     28.400     23.532     1.561
        7 1995     2      742     18.800     28.700     23.261     1.788
        8 1995     8      736     19.400     28.100     23.158     1.328
        9 1995     9      711     19.100     29.900     24.117     1.782
       10 1995     8      736     20.900     29.000     25.029     1.454
       11 1995    10      710     21.100     29.900     25.267     1.784
       12 1995     8      736     21.700     31.600     26.517     2.238
        1 1996     9      735     22.800     31.200     26.792     1.903
        2 1996     0      696     23.500     31.600     27.303     1.876
        3 1996     0      744     23.800     31.900     27.263     1.579
        4 1996     1      719     23.000     30.600     26.674     1.714
        5 1996     0      744     18.800     28.500     24.666     1.968
        6 1996     0      720     18.100     27.400     23.132     2.012
        7 1996     1      743     18.300     30.000     23.528     1.936
        8 1996     1      743     17.400     27.500     22.738     2.134
        9 1996     0      720     18.500     28.800     24.143     1.799
       10 1996     0      744     20.100     28.400     24.371     1.815
       11 1996     1      719     20.300     30.200     25.387     2.011
       12 1996     0      744     21.900     30.600     26.725     1.836
        1 1997     0      744     24.300     30.000     27.115     1.374
        2 1997     2      670     22.000     31.600     27.074     1.971
        3 1997    25      719     23.100     31.500     27.309     1.817
        4 1997     4      716     20.700     30.500     25.319     1.685
        5 1997     8      736     21.400     30.500     24.718     1.421
        6 1997     1      719     18.200     28.800     23.545     1.621
        7 1997    10      734     18.700     29.300     22.833     1.757
        8 1997     1      743     17.000     26.500     21.941     1.815
        9 1997     1      719     17.600     27.100     22.791     1.926
       10 1997     2      742     19.300     27.700     23.354     1.696
       11 1997     0      720     19.000     29.200     24.787     2.187
       12 1997     0      744     22.100     31.000     26.514     2.000
        1 1998     0      744     23.100     29.700     26.419     1.502
        2 1998     0      672     23.400     30.800     26.731     1.650
        3 1998     1      743     22.800     30.800     27.001     1.747
        4 1998     0      720     23.100     30.900     26.641     1.576
        5 1998     0      744     20.300     29.000     25.555     1.655
        6 1998     0      720     19.200     28.300     24.070     1.819
        7 1998     1      743     19.100     29.200     23.471     1.917
        8 1998     1      743     20.200     28.100     23.938     1.659
        9 1998     0      720     18.800     28.300     23.991     1.944
       10 1998     0      744     21.100     29.600     25.330     1.865
       11 1998     0      720     20.900     31.200     26.215     1.926
       12 1998     0      744     23.300     31.400     26.947     1.831
        1 1999    72      672     23.400     30.900     27.318     1.695
        2 1999   390      282     24.300     30.500     27.126     1.570
        3 1999     3      741     23.800     31.300     26.801     1.713
        4 1999     0      720     21.400     30.400     26.230     1.835
        5 1999     0      744     21.900     30.100     25.096     1.394
        6 1999     0      720     18.900     27.200     23.257     1.718
        7 1999     0      744     18.100     28.200     24.016     1.789
        8 1999     0      744     17.500     28.700     23.261     1.714
        9 1999     0      720     19.500     28.300     24.028     1.666
       10 1999     0      744     17.700     28.600     24.243     2.023
       11 1999     0      720     20.400     29.900     25.140     1.950
       12 1999     0      744     22.700     31.300     25.987     1.756
        1 2000     0      744     22.800     31.100     26.886     1.914
        2 2000     3      693     23.500     31.200     26.783     1.800
        3 2000     4      740     23.000     30.200     26.485     1.548
        4 2000     6      714     22.300     30.500     25.941     1.768
        5 2000     6      738     21.100     29.100     25.530     1.793
        6 2000     2      718     19.000     28.700     23.989     1.625
        7 2000     0      744     17.500     27.000     22.603     2.108
        8 2000     0      744     19.600     29.300     23.456     1.982
        9 2000     0      720     19.100     29.500     23.654     1.824
       10 2000     0      744     17.900     29.500     24.433     2.054
       11 2000     0      720     20.800     30.700     25.236     1.977
       12 2000     0      744     20.100     29.800     25.562     2.019
        1 2001     0      744     21.200     32.600     26.768     2.144
        2 2001     1      671     21.800     31.100     26.853     1.968
        3 2001     0      744     21.300     31.500     27.040     2.087
        4 2001   447      273     22.300     30.400     27.080     1.522
        5 2001   528      216     21.800     28.800     25.181     1.347
        6 2001     0      720     19.100     26.900     23.481     1.493
        7 2001     0      744     18.700     27.900     22.958     1.684
        8 2001     2      742     16.500     28.700     23.104     2.081
        9 2001     0      720     18.300     27.600     23.632     1.778
       10 2001     2      742     18.100     29.700     24.320     2.147
       11 2001     0      720     21.700     30.900     25.845     1.859
       12 2001     0      744     21.900     30.700     26.714     2.104
        1 2002     0      744     24.000     33.300     27.882     1.897
        2 2002     0      672     23.000     31.400     27.109     1.888
        3 2002     0      744     23.100     31.100     26.784     1.873
        4 2002     0      720     22.000     31.500     26.304     1.641
        5 2002     0      744     21.000     29.900     24.915     1.580
        6 2002     0      720     20.500     28.800     24.710     1.612
        7 2002     0      744     18.000     27.900     22.763     1.675
        8 2002     0      744     16.500     28.500     23.010     1.923
        9 2002     0      720     18.400     27.400     23.172     1.991
       10 2002     0      744     19.500     28.400     23.839     1.767
       11 2002     0      720     19.500     27.600     24.233     1.526
       12 2002     0      744     19.900     31.000     25.523     2.201
        1 2003     0      744     21.800     30.700     26.420     1.938
        2 2003     0      672     22.500     30.300     26.601     1.852
        3 2003     0      744     23.800     30.900     27.286     1.732
        4 2003     2      718     21.800     30.400     26.330     1.703
        5 2003     0      744     21.600     30.400     25.758     1.790
        6 2003     0      720     18.900     30.600     24.363     1.860
        7 2003     0      744     17.900     28.700     22.701     1.801
        8 2003     0      744     16.800     27.200     22.050     2.160
        9 2003     0      720     16.700     29.000     22.965     2.489
       10 2003     0      744     18.200     28.500     23.799     2.222
       11 2003     0      720     20.500     28.900     24.697     1.417
       12 2003     0      744     21.000     30.300     26.006     1.671
        1 2004     0      744     22.900     31.100     26.676     1.987
        2 2004     0      696     23.800     31.700     27.507     1.905
        3 2004     0      744     23.100     31.200     27.355     1.667
        4 2004     0      720     21.100     29.700     25.782     1.474
        5 2004     0      744     19.700     30.300     24.752     2.335
        6 2004     0      720     20.500     28.100     24.135     1.462
        7 2004     0      744     18.500     28.600     22.666     1.829
        8 2004     0      744     16.700     27.200     21.903     1.796
        9 2004     0      720     18.800     27.300     23.022     1.868
       10 2004     4      740     19.400     28.400     23.921     1.952
       11 2004     5      715     19.900     28.800     24.540     1.921
       12 2004     0      744     21.600     30.900     26.123     1.816
        1 2005     0      744     23.900     31.100     27.534     1.567
        2 2005    28      644     23.400     31.700     27.494     1.984
        3 2005    19      725     22.800     31.500     26.947     1.967
        4 2005     0      720     22.600     30.000     26.044     1.390
        5 2005     0      744     21.200     29.800     25.521     1.604
        6 2005     0      720     17.900     29.400     23.626     1.751
        7 2005     0      744     18.400     28.100     22.830     1.886
        8 2005     0      744     17.300     28.300     22.237     2.067
        9 2005     0      720     20.200     28.000     23.599     1.607
       10 2005     0      744     18.300     30.100     24.299     2.320
       11 2005     0      720     20.600     29.400     25.199     1.868
       12 2005     0      744     21.900     30.500     26.267     1.982
        1 2006     0      744     22.200     31.200     26.853     1.909
        2 2006     1      671     23.600     31.600     27.203     1.768
        3 2006     0      744     23.700     31.400     27.457     1.742
        4 2006     0      720     23.500     31.200     27.146     1.933
        5 2006     0      744     21.300     29.900     25.123     1.737
        6 2006     0      720     17.800     29.700     23.602     2.004
        7 2006     0      744     17.400     27.900     22.067     1.508
        8 2006     0      744     15.200     26.500     22.166     2.062
        9 2006     0      720     17.900     29.100     23.135     1.659
       10 2006     0      744     17.600     26.600     23.427     1.430
       11 2006     1      719     22.300     30.800     25.698     1.530
       12 2006     1      743     22.000     30.200     25.675     1.601
        1 2007     0      744     22.000     30.800     26.703     1.804
        2 2007     0      672     23.600     31.300     26.865     1.664
        3 2007     0      744     23.200     32.700     26.895     1.876
        4 2007     0      720     20.300     30.800     26.100     1.930
        5 2007     0      744     20.400     30.600     24.872     1.874
        6 2007     0      720     21.100     29.900     25.164     1.569
        7 2007     0      744     18.000     28.500     23.411     1.732
        8 2007     0      744     19.400     29.400     23.856     1.650
        9 2007     0      720     17.800     29.600     24.567     1.968
       10 2007     0      744     19.500     31.200     24.803     1.877
       11 2007     0      720     21.200     30.000     25.537     1.874
       12 2007     0      744     21.000     31.400     26.489     2.106
        1 2008     0      744     22.900     31.700     26.856     1.875
        2 2008     0      696     23.200     32.100     27.415     1.937
        3 2008     0      744     23.100     31.600     26.791     1.888
        4 2008     0      720     22.300     30.700     26.244     1.789
        5 2008     0      744     18.900     28.500     24.087     1.935
        6 2008     0      720     18.400     26.900     23.398     1.631
        7 2008     0      744     19.800     28.300     23.489     1.600
        8 2008     0      744     20.100     30.000     23.981     1.478
        9 2008     0      720     18.600     29.600     24.285     1.797
       10 2008     0      744     20.700     30.000     24.980     1.625
       11 2008     0      720     20.300     31.900     25.899     2.296
       12 2008     0      744     21.700     31.800     26.675     2.143
        1 2009     0      744     21.800     31.400     26.688     1.982
        2 2009     4      668     23.000     32.400     27.010     2.043
        3 2009     1      743     22.800     32.900     26.941     1.974
        4 2009     0      720     21.000     30.000     26.000     1.786
        5 2009     0      744     18.300     29.200     24.334     2.135
        6 2009     0      720     20.000     29.100     23.816     1.868
        7 2009     0      744     18.000     28.800     23.226     2.078
        8 2009     0      744     16.100     27.200     22.351     2.072
        9 2009     0      720     18.000     28.700     23.462     2.086
       10 2009     0      744     18.800     29.300     23.890     1.864
       11 2009    14      706     20.800     29.900     24.772     1.605
       12 2009     0      744     21.200     29.700     25.604     1.589
        1 2010     0      744     21.800     31.800     26.508     2.040
        2 2010     0      672     20.900     30.400     26.298     2.028
        3 2010     0      744     22.600     29.800     26.121     1.603
        4 2010     0      720     21.700     30.800     25.938     1.963
        5 2010     0      744     20.500     30.500     25.004     1.666
        6 2010     0      720     21.300     30.300     25.111     1.617
        7 2010     0      744     18.800     27.700     23.438     1.801
        8 2010     0      744     17.900     29.100     23.897     2.074
        9 2010     0      720     18.300     29.300     24.934     2.202
       10 2010     0      744     17.900     30.600     24.931     2.056
       11 2010     0      720     20.900     30.700     25.440     1.811
       12 2010     0      744     22.500     30.000     25.857     1.890
        1 2011     0      744     23.300     31.900     27.112     1.714
        2 2011     0      672     21.400     31.800     26.465     1.898
        3 2011     0      744     22.300     30.400     26.483     1.933
        4 2011     0      720     22.600     30.800     26.276     1.755
        5 2011     0      744     20.900     29.900     25.564     1.693
        6 2011     0      720     19.500     28.700     24.524     1.924
        7 2011     0      744     18.300     29.900     23.500     1.980
        8 2011     0      744     18.100     27.500     23.165     1.929
        9 2011     0      720     18.000     28.800     23.696     1.959
       10 2011     0      744     20.200     29.200     24.710     1.798
       11 2011     0      720     20.900     29.100     25.081     1.585
       12 2011     0      744     22.900     30.900     26.444     1.959
        1 2012     0      744     21.100     32.000     26.317     2.051
        2 2012     0      696     22.200     31.200     26.718     1.830
        3 2012     0      744     22.800     31.700     27.020     1.980
        4 2012     0      720     20.800     31.600     25.471     1.869
        5 2012    54      690     19.300     29.100     24.384     1.957
        6 2012     0      720     19.800     30.500     24.275     1.884
        7 2012     0      744     19.100     29.000     23.178     1.866
        8 2012     0      744     18.000     27.200     22.730     1.949
        9 2012     0      720     17.600     29.300     23.645     2.103
       10 2012     0      744     19.300     32.700     25.144     2.042
       11 2012     0      720     18.900     29.300     25.054     2.093
       12 2012     1      743     21.600     31.800     26.699     2.075
        1 2013     0      744     21.100     30.500     26.636     2.020
        2 2013     0      672     22.100     31.000     26.486     2.067
        3 2013     0      744     21.800     32.700     26.687     1.912
        4 2013     1      719     22.600     32.100     26.798     1.969
        5 2013     0      744     19.500     30.800     25.196     2.108
        6 2013     0      720     19.300     30.800     24.449     1.789
        7 2013     0      744     18.400     31.000     23.848     2.045
        8 2013     0      744     18.100     27.700     23.225     2.430
        9 2013     0      720     16.900     30.300     23.435     2.497
       10 2013     0      744     17.900     31.300     24.208     2.312
       11 2013     1      719     22.000     31.200     25.922     1.901
       12 2013     0      744     21.900     32.500     26.425     2.013
        1 2014     0      744     20.700     31.500     27.072     1.942
        2 2014     0      672     21.000     33.100     27.203     2.186
        3 2014     0      744     22.500     31.500     26.873     1.636
        4 2014     0      720     19.800     31.600     25.656     2.384
        5 2014    65      679     19.500     30.100     24.767     2.362
        6 2014     0      720     18.700     28.600     24.118     1.915
        7 2014     0      744     16.500     28.200     22.503     2.361
        8 2014     0      744     18.300     29.300     23.898     1.974
        9 2014     0      720     18.000     31.000     24.272     2.153
       10 2014     0      744     17.400     30.400     24.147     2.016
       11 2014     0      720     19.800     30.000     25.001     2.076
       12 2014     0      744     21.400     33.400     26.435     2.154
        1 2015     0      744     22.700     33.300     27.100     2.195
        2 2015    37      635     23.900     34.300     27.939     1.904
        3 2015     0      744     22.500     32.600     27.343     2.228
        4 2015     0      720     22.100     30.400     26.476     1.768
        5 2015     0      744     20.300     30.200     24.934     1.814
        6 2015     0      720     19.000     28.000     23.744     1.705
        7 2015     2      742     18.600     29.700     23.487     1.812
        8 2015     0      744     17.300     27.900     22.650     1.751
        9 2015     0      720     18.300     27.700     23.172     2.092
       10 2015     0      744     20.000     29.900     24.553     1.897
       11 2015     0      720     20.900     31.700     25.918     2.023
       12 2015     0      744     21.700     32.400     26.812     1.944
        1 2016     0      744     21.800     32.500     27.457     2.167
        2 2016     0      696     24.500     34.400     29.126     2.147
        3 2016     0      744     22.700     33.300     27.830     1.954
        4 2016     0      720     22.000     31.500     26.634     1.920
        5 2016     0      744     19.800     30.100     25.408     2.283
        6 2016     0      720     20.400     30.600     24.798     1.991
        7 2016     0      744     19.300     29.800     24.296     1.960
        8 2016     0      744     17.300     29.400     23.778     2.163
        9 2016     0      720     19.800     29.500     24.302     2.067
       10 2016     0      744     18.600     30.100     24.496     2.538
       11 2016     0      720     21.500     32.500     26.350     1.968
       12 2016     0      744     21.500     31.300     26.543     1.799
        1 2017     1      743     22.200     32.700     27.341     2.370
        2 2017     0      672     23.800     32.300     27.715     1.911
        3 2017     0      744     23.000     32.400     27.364     2.168
        4 2017     0      720     21.400     31.800     26.476     2.024
        5 2017     0      744     22.300     30.400     25.976     1.571
        6 2017     0      720     18.900     30.300     24.385     1.909
        7 2017    27      717     18.800     30.800     23.272     2.136
        8 2017     1      743     18.000     28.900     23.816     2.003
        9 2017     0      720     19.100     28.700     23.897     2.055
       10 2017     0      744     20.600     31.200     25.604     2.030
       11 2017     0      720     22.100     30.900     26.275     1.735
       12 2017     0      744     21.300     31.300     26.311     2.045
        1 2018     0      744     23.500     34.600     27.388     2.062
        2 2018     1      671     22.900     32.000     27.355     2.113
        3 2018     0      744     23.200     32.100     27.491     1.929
        4 2018     0      720     21.600     32.300     26.266     1.980
        5 2018     0      744     19.200     29.500     24.759     2.260
        6 2018     5      715     18.200     29.100     23.722     2.133
        7 2018     0      744     18.200     28.400     23.935     2.005
        8 2018     0      744     17.800     29.200     23.188     2.306
        9 2018     0      720     17.900     29.900     23.861     1.889
       10 2018     0      744     17.200     28.900     24.989     2.013
       11 2018     0      720     20.300     32.800     25.810     2.503
       12 2018     0      744     21.700     31.300     26.568     1.930
        1 2019    25      719     22.500     31.400     27.043     1.980
        2 2019     1      671     23.800     33.200     28.071     1.789
        3 2019     0      744     23.400     32.700     27.470     2.009
        4 2019     0      720     21.700     32.000     26.703     2.016
        5 2019     0      744     20.500     29.400     25.267     1.940
        6 2019     0      720     18.900     28.900     23.929     1.936
        7 2019     1      743     17.800     27.700     23.201     2.239
        8 2019     0      744     18.300     31.000     23.814     2.028
        9 2019     0      720     18.400     28.100     23.470     2.137
       10 2019     0      744     20.300     30.400     25.004     1.692
       11 2019     0      720     19.500     30.000     25.272     1.906
       12 2019     0      744     21.300     31.400     26.738     1.991
        1 2020     0      744     22.200     31.200     27.018     2.081
        2 2020     0      696     23.100     32.800     27.928     2.005
        3 2020     0      744     23.900     33.000     27.429     1.907
        4 2020     0      720     20.500     30.700     26.313     1.796
        5 2020     0      744     19.300     30.500     24.565     2.480
        6 2020     0      720     21.200     30.100     24.834     1.497
        7 2020     0      744     17.700     28.600     23.921     2.022
        8 2020     0      744     18.900     30.400     24.480     2.209
        9 2020     0      720     18.800     30.100     24.207     2.148
       10 2020     0      744     20.400     30.000     25.224     2.048
       11 2020     0      720     21.300     31.000     25.977     2.039
       12 2020     0      744     22.400     31.300     26.642     1.878
        1 2021     0      744     23.400     32.700     27.378     1.795
        2 2021     0      672     22.800     32.400     27.522     2.197
        3 2021     1      743     22.400     31.600     26.679     1.936
        4 2021     0      720     22.100     31.700     27.016     1.878
        5 2021     2      742     17.600     30.900     25.261     2.612
        6 2021     0      720     19.100     30.100     24.800     2.238
        7 2021     0      744     18.900     30.100     24.803     2.061
        8 2021     0      744     17.800     29.200     23.541     2.027
        9 2021     0      720     19.300     30.300     24.458     1.782
       10 2021     0      744     21.900     30.400     25.817     1.755
       11 2021     0      720     20.000     32.100     26.101     2.116
       12 2021     0      744     21.800     33.400     27.496     2.032
        1 2022     1      743     23.900     33.200     27.535     1.869
        2 2022    46      626     24.200     31.900     27.585     1.750
        3 2022     4      740     23.300     31.800     27.360     1.910
        4 2022     1      719     23.000     32.400     27.020     2.136
        5 2022     0      744     21.200     31.600     26.087     2.250
        6 2022   192      528     20.500     32.000     25.623     2.256
        7 2022   309      435     22.600     30.400     25.835     1.859
        8 2022   744        0
        9 2022   103      617     22.400     30.400     25.924     1.998
       10 2022    46      698     19.200     30.900     25.486     2.075
       11 2022     0      720     23.000     32.800     26.828     2.149
       12 2022     0      744     22.400     33.000     27.441     2.346
        1 2023     0      744     22.100     32.300     27.494     2.160
        2 2023     1      671     22.600     32.200     27.216     2.050
      Totals   10542   253842

      Mean air temperature = 25.274  (Average monthly means =25.295)

      Maximum recorded temperature of 34.600 deg C at 0200 hours 04/01/2018
      Minimum recorded temperature of 15.200 deg C at 1400 hours 10/08/2006
      Standard deviation of the observations =  2.4654 deg C  
      Skewness                               = -0.0256
