


      Monthly sea levels for VANUATU
      ------------------------------

      Mth Year  Gaps     Good     Minimum    Maximum     Mean     St Devn
        1 1993  3360     4080      0.209      1.374      0.863     0.258
        2 1993     0     6720      0.076      1.448      0.792     0.297
        3 1993   720     6720      0.018      1.472      0.828     0.311
        4 1993  7200        0
        5 1993  7440        0
        6 1993  7200        0
        7 1993  7440        0
        8 1993  7440        0
        9 1993  7200        0
       10 1993  7440        0
       11 1993  7200        0
       12 1993  7440        0
        1 1994  6000     1440      0.142      1.623      0.936     0.384
        2 1994     0     6720      0.215      1.554      0.890     0.292
        3 1994     0     7440      0.099      1.573      0.882     0.310
        4 1994   240     6960     -0.207      1.406      0.715     0.319
        5 1994     0     7440      0.021      1.534      0.797     0.321
        6 1994     0     7200     -0.023      1.440      0.824     0.301
        7 1994     0     7440      0.048      1.481      0.823     0.315
        8 1994     0     7440      0.108      1.428      0.826     0.306
        9 1994     0     7200      0.074      1.355      0.756     0.301
       10 1994     0     7440      0.163      1.580      0.845     0.303
       11 1994     0     7200      0.025      1.510      0.835     0.313
       12 1994     0     7440     -0.003      1.578      0.870     0.321
        1 1995     0     7440      0.073      1.626      0.942     0.321
        2 1995     0     6720      0.209      1.547      0.901     0.293
        3 1995     0     7440      0.230      1.478      0.856     0.296
        4 1995     0     7200      0.148      1.457      0.834     0.285
        5 1995     0     7440     -0.134      1.445      0.762     0.311
        6 1995     0     7200     -0.113      1.454      0.755     0.313
        7 1995     0     7440     -0.148      1.421      0.715     0.310
        8 1995     0     7440     -0.108      1.396      0.700     0.314
        9 1995     0     7200      0.119      1.484      0.846     0.304
       10 1995     0     7440      0.164      1.509      0.887     0.301
       11 1995     0     7200      0.060      1.645      0.908     0.331
       12 1995     0     7440      0.024      1.626      0.879     0.329
        1 1996     0     7440      0.151      1.747      0.992     0.336
        2 1996     0     6960      0.172      1.547      0.930     0.298
        3 1996     0     7440      0.230      1.561      0.928     0.307
        4 1996     0     7200      0.245      1.468      0.863     0.290
        5 1996     0     7440      0.080      1.463      0.834     0.309
        6 1996     0     7200      0.044      1.496      0.832     0.320
        7 1996     0     7440     -0.019      1.610      0.806     0.339
        8 1996     0     7440      0.014      1.486      0.822     0.323
        9 1996     0     7200      0.282      1.564      0.916     0.309
       10 1996     0     7440      0.289      1.658      0.964     0.316
       11 1996     0     7200      0.137      1.608      0.978     0.322
       12 1996     0     7440      0.130      1.644      1.008     0.326
        1 1997     0     7440      0.031      1.716      0.944     0.323
        2 1997     0     6720      0.078      1.568      0.955     0.319
        3 1997     0     7440      0.300      1.732      1.012     0.294
        4 1997     0     7200      0.221      1.614      0.926     0.306
        5 1997     0     7440      0.041      1.553      0.795     0.308
        6 1997     0     7200      0.001      1.432      0.799     0.313
        7 1997     0     7440      0.066      1.427      0.853     0.300
        8 1997     0     7440      0.098      1.527      0.862     0.306
        9 1997     0     7200      0.095      1.496      0.851     0.313
       10 1997     0     7440      0.117      1.545      0.871     0.318
       11 1997     0     7200      0.032      1.475      0.806     0.311
       12 1997     0     7440      0.030      1.556      0.845     0.330
        1 1998     0     7440      0.029      1.554      0.834     0.332
        2 1998     0     6720      0.125      1.462      0.775     0.294
        3 1998     0     7440      0.176      1.478      0.909     0.293
        4 1998     0     7200      0.124      1.485      0.850     0.295
        5 1998     0     7440      0.105      1.496      0.844     0.288
        6 1998     0     7200     -0.019      1.433      0.818     0.304
        7 1998     0     7440      0.027      1.371      0.773     0.299
        8 1998     0     7440      0.083      1.397      0.801     0.294
        9 1998     0     7200      0.097      1.403      0.820     0.299
       10 1998     0     7440      0.199      1.518      0.843     0.300
       11 1998     0     7200      0.054      1.614      0.855     0.323
       12 1998     0     7440      0.037      1.584      0.819     0.323
        1 1999     0     7440      0.002      1.527      0.870     0.319
        2 1999  3892     2828      0.109      1.447      0.879     0.301
        3 1999     0     7440      0.207      1.461      0.880     0.297
        4 1999     0     7200      0.041      1.454      0.780     0.307
        5 1999     0     7440     -0.076      1.503      0.753     0.317
        6 1999     0     7200     -0.148      1.389      0.720     0.310
        7 1999     0     7440     -0.111      1.475      0.793     0.324
        8 1999     0     7440      0.051      1.509      0.861     0.325
        9 1999     0     7200      0.192      1.492      0.901     0.313
       10 1999     0     7440      0.090      1.500      0.842     0.319
       11 1999     0     7200     -0.237      1.554      0.865     0.315
       12 1999     0     7440      0.016      1.562      0.882     0.311
        1 2000     0     7440      0.075      1.544      0.896     0.296
        2 2000     0     6960      0.107      1.527      0.891     0.307
        3 2000     0     7440      0.227      1.436      0.900     0.287
        4 2000     0     7200      0.280      1.534      0.898     0.312
        5 2000     0     7440      0.137      1.553      0.879     0.316
        6 2000     0     7200      0.039      1.564      0.877     0.315
        7 2000     0     7440      0.004      1.602      0.878     0.324
        8 2000     0     7440      0.027      1.620      0.910     0.320
        9 2000     0     7200      0.261      1.529      0.971     0.296
       10 2000     0     7440      0.298      1.593      0.959     0.301
       11 2000     0     7200      0.211      1.656      0.979     0.320
       12 2000     0     7440      0.115      1.663      0.975     0.317
        1 2001     0     7440     -0.002      1.667      0.907     0.319
        2 2001     0     6720      0.085      1.668      0.979     0.317
        3 2001     0     7440      0.131      1.583      0.929     0.304
        4 2001  3270     3930      0.269      1.686      0.944     0.328
        5 2001     0     7440      0.123      1.583      0.941     0.305
        6 2001     0     7200      0.049      1.480      0.861     0.316
        7 2001     0     7440      0.060      1.574      0.900     0.325
        8 2001     0     7440      0.050      1.552      0.923     0.315
        9 2001     0     7200      0.169      1.567      0.905     0.308
       10 2001     0     7440      0.234      1.652      0.926     0.307
       11 2001     0     7200      0.218      1.646      0.974     0.319
       12 2001     0     7440      0.191      1.671      1.014     0.322
        1 2002     0     7440      0.095      1.618      0.974     0.323
        2 2002     0     6720      0.140      1.575      0.937     0.319
        3 2002     0     7440      0.255      1.679      0.965     0.309
        4 2002     0     7200      0.108      1.512      0.898     0.298
        5 2002     0     7440      0.046      1.415      0.793     0.301
        6 2002     0     7200      0.079      1.506      0.841     0.309
        7 2002     0     7440      0.142      1.486      0.903     0.305
        8 2002     0     7440      0.095      1.539      0.902     0.310
        9 2002     0     7200      0.145      1.586      0.901     0.309
       10 2002     0     7440      0.217      1.675      0.901     0.309
       11 2002     0     7200      0.086      1.607      0.907     0.326
       12 2002     0     7440      0.130      1.633      0.934     0.323
        1 2003     0     7440      0.132      1.632      0.973     0.322
        2 2003     0     6720      0.146      1.567      0.925     0.311
        3 2003     0     7440      0.162      1.469      0.867     0.306
        4 2003     0     7200      0.096      1.510      0.825     0.296
        5 2003     0     7440      0.066      1.539      0.833     0.308
        6 2003     0     7200     -0.055      1.502      0.832     0.309
        7 2003     0     7440      0.018      1.422      0.813     0.301
        8 2003     0     7440     -0.009      1.410      0.826     0.317
        9 2003     0     7200      0.150      1.483      0.836     0.297
       10 2003     0     7440      0.072      1.626      0.866     0.319
       11 2003     0     7200      0.084      1.552      0.846     0.306
       12 2003     0     7440     -0.040      1.588      0.877     0.315
        1 2004     0     7440      0.020      1.554      0.877     0.313
        2 2004     0     6960      0.147      1.508      0.920     0.301
        3 2004     0     7440      0.247      1.592      0.939     0.297
        4 2004     0     7200      0.280      1.578      0.878     0.293
        5 2004     0     7440      0.079      1.514      0.863     0.302
        6 2004     0     7200      0.028      1.536      0.828     0.317
        7 2004     0     7440     -0.059      1.453      0.812     0.312
        8 2004     0     7440      0.001      1.453      0.815     0.305
        9 2004     0     7200      0.162      1.442      0.853     0.307
       10 2004   240     7200      0.203      1.502      0.869     0.305
       11 2004     0     7200      0.128      1.596      0.908     0.318
       12 2004     0     7440      0.000      1.547      0.886     0.323
        1 2005     0     7440      0.057      1.638      0.950     0.325
        2 2005   270     6450      0.072      1.633      0.958     0.327
        3 2005     0     7440      0.127      1.534      0.878     0.298
        4 2005     0     7200      0.020      1.429      0.823     0.301
        5 2005     0     7440      0.071      1.456      0.842     0.299
        6 2005     0     7200     -0.022      1.459      0.804     0.313
        7 2005     0     7440     -0.043      1.511      0.840     0.321
        8 2005     0     7440     -0.046      1.515      0.818     0.319
        9 2005     0     7200      0.118      1.505      0.874     0.303
       10 2005     0     7440      0.192      1.513      0.847     0.296
       11 2005     0     7200      0.097      1.462      0.830     0.309
       12 2005     0     7440     -0.037      1.494      0.850     0.335
        1 2006     0     7440     -0.043      1.707      0.922     0.345
        2 2006     0     6720      0.045      1.568      0.902     0.296
        3 2006     0     7440      0.137      1.531      0.850     0.309
        4 2006     0     7200      0.172      1.538      0.896     0.301
        5 2006     0     7440      0.073      1.500      0.845     0.306
        6 2006     0     7200      0.058      1.424      0.843     0.314
        7 2006     0     7440      0.002      1.465      0.844     0.319
        8 2006     0     7440     -0.007      1.517      0.859     0.317
        9 2006     0     7200      0.056      1.569      0.858     0.322
       10 2006     0     7440      0.181      1.616      0.920     0.313
       11 2006     0     7200      0.060      1.594      0.887     0.329
       12 2006     0     7440     -0.001      1.542      0.898     0.331
        1 2007     0     7440      0.139      1.574      0.986     0.328
        2 2007     0     6720      0.146      1.565      0.972     0.322
        3 2007     0     7440      0.257      1.588      0.951     0.302
        4 2007     0     7200      0.076      1.584      0.871     0.305
        5 2007     0     7440      0.009      1.465      0.823     0.303
        6 2007     0     7200      0.034      1.480      0.863     0.310
        7 2007     0     7440      0.065      1.451      0.865     0.316
        8 2007     0     7440      0.094      1.534      0.905     0.328
        9 2007     0     7200      0.228      1.578      0.916     0.316
       10 2007     0     7440      0.172      1.716      0.955     0.319
       11 2007     0     7200      0.165      1.712      0.999     0.317
       12 2007     0     7440      0.017      1.498      0.904     0.312
        1 2008     0     7440      0.109      1.531      0.967     0.304
        2 2008     0     6960      0.235      1.486      0.918     0.288
        3 2008     0     7440      0.257      1.524      0.928     0.294
        4 2008     0     7200      0.251      1.695      0.981     0.303
        5 2008     0     7440      0.161      1.657      0.932     0.304
        6 2008     0     7200      0.080      1.525      0.913     0.315
        7 2008     0     7440      0.023      1.515      0.879     0.323
        8 2008     0     7440      0.005      1.529      0.894     0.327
        9 2008     0     7200      0.272      1.564      0.967     0.307
       10 2008     0     7440      0.325      1.681      1.017     0.307
       11 2008     0     7200      0.214      1.771      1.068     0.316
       12 2008     0     7440      0.155      1.632      1.035     0.306
        1 2009   861     6579      0.212      1.764      1.060     0.322
        2 2009  5977      743      0.453      1.565      1.033     0.340
        3 2009     0     7440      0.248      1.698      1.019     0.323
        4 2009     0     7200      0.216      1.538      0.938     0.292
        5 2009     0     7440      0.114      1.609      0.947     0.307
        6 2009     0     7200      0.066      1.577      0.958     0.319
        7 2009     0     7440      0.109      1.628      0.979     0.310
        8 2009     0     7440      0.186      1.592      0.977     0.304
        9 2009     0     7200      0.290      1.656      1.019     0.299
       10 2009     0     7440      0.306      1.683      1.003     0.302
       11 2009     0     7200      0.235      1.612      1.009     0.305
       12 2009     0     7440      0.145      1.624      0.992     0.319
        1 2010     0     7440      0.111      1.628      0.974     0.325
        2 2010     0     6720      0.203      1.785      1.002     0.301
        3 2010     0     7440      0.242      1.729      0.931     0.301
        4 2010     0     7200      0.238      1.563      0.930     0.301
        5 2010     0     7440      0.167      1.508      0.898     0.294
        6 2010     0     7200      0.023      1.416      0.844     0.309
        7 2010     0     7440      0.083      1.491      0.882     0.303
        8 2010     0     7440      0.067      1.527      0.860     0.299
        9 2010     0     7200      0.123      1.588      0.878     0.295
       10 2010     0     7440      0.208      1.577      0.898     0.298
       11 2010     0     7200      0.101      1.611      0.876     0.314
       12 2010     0     7440      0.055      1.408      0.818     0.311
        1 2011     0     7440     -0.016      1.449      0.841     0.314
        2 2011     0     6720      0.119      1.577      0.824     0.304
        3 2011     0     7440      0.012      1.509      0.810     0.308
        4 2011     0     7200      0.124      1.646      0.934     0.309
        5 2011     0     7440      0.145      1.579      0.957     0.303
        6 2011     0     7200      0.165      1.597      0.947     0.310
        7 2011     0     7440      0.119      1.625      0.962     0.333
        8 2011     0     7440      0.208      1.619      0.957     0.330
        9 2011     0     7200      0.248      1.696      0.926     0.321
       10 2011     0     7440      0.159      1.741      0.969     0.324
       11 2011   378     6822      0.064      1.592      0.922     0.322
       12 2011     0     7440      0.223      1.701      0.986     0.307
        1 2012     0     7440      0.122      1.571      0.952     0.307
        2 2012     0     6960      0.170      1.511      0.882     0.316
        3 2012     0     7440      0.228      1.529      0.908     0.293
        4 2012     0     7200      0.125      1.518      0.853     0.300
        5 2012   747     6693      0.038      1.610      0.890     0.323
        6 2012     0     7200      0.086      1.631      0.943     0.323
        7 2012     0     7440      0.080      1.580      0.926     0.328
        8 2012     0     7440      0.170      1.579      0.960     0.316
        9 2012     0     7200      0.334      1.616      0.967     0.304
       10 2012     0     7440      0.162      1.577      0.917     0.305
       11 2012     0     7200      0.099      1.654      0.961     0.306
       12 2012     0     7440      0.139      1.660      0.973     0.308
        1 2013     0     7440      0.110      1.664      1.001     0.317
        2 2013     0     6720      0.183      1.573      0.943     0.309
        3 2013     0     7440      0.237      1.507      0.901     0.310
        4 2013     0     7200      0.077      1.471      0.843     0.308
        5 2013     0     7440      0.048      1.534      0.812     0.309
        6 2013     0     7200     -0.041      1.468      0.839     0.307
        7 2013     0     7440     -0.012      1.578      0.830     0.320
        8 2013     0     7440      0.133      1.552      0.901     0.306
        9 2013     0     7200      0.227      1.531      0.884     0.312
       10 2013     0     7440      0.205      1.481      0.848     0.310
       11 2013     0     7200      0.065      1.491      0.870     0.317
       12 2013     0     7440      0.109      1.592      0.907     0.319
        1 2014     0     7440      0.054      1.625      0.928     0.333
        2 2014     0     6720      0.151      1.506      0.888     0.299
        3 2014     0     7440      0.178      1.552      0.840     0.315
        4 2014     0     7200      0.116      1.403      0.829     0.287
        5 2014   647     6793      0.122      1.401      0.811     0.273
        6 2014     0     7200      0.011      1.454      0.805     0.307
        7 2014     0     7440      0.019      1.522      0.843     0.316
        8 2014     0     7440      0.046      1.533      0.860     0.304
        9 2014     0     7200      0.123      1.574      0.896     0.308
       10 2014     0     7440      0.247      1.653      0.928     0.319
       11 2014     0     7200      0.118      1.545      0.877     0.322
       12 2014     0     7440      0.085      1.601      0.905     0.335
        1 2015     0     7440      0.098      1.578      0.932     0.321
        2 2015   193     6527      0.092      1.493      0.872     0.303
        3 2015     0     7440      0.095      1.709      0.854     0.312
        4 2015     0     7200      0.163      1.565      0.880     0.299
        5 2015     0     7440      0.048      1.418      0.821     0.294
        6 2015     0     7200      0.070      1.394      0.810     0.299
        7 2015     0     7440      0.062      1.481      0.795     0.313
        8 2015     0     7440      0.059      1.495      0.824     0.326
        9 2015     0     7200      0.133      1.506      0.812     0.327
       10 2015     0     7440      0.038      1.511      0.809     0.322
       11 2015     0     7200      0.067      1.594      0.867     0.327
       12 2015     0     7440      0.166      1.631      0.944     0.329
        1 2016     0     7440      0.153      1.534      0.923     0.316
        2 2016     0     6960      0.221      1.598      0.933     0.320
        3 2016     0     7440      0.079      1.532      0.871     0.319
        4 2016     0     7200      0.124      1.525      0.823     0.297
        5 2016     0     7440      0.075      1.449      0.789     0.296
        6 2016     0     7200      0.011      1.498      0.742     0.315
        7 2016     0     7440     -0.100      1.363      0.742     0.312
        8 2016     0     7440      0.064      1.434      0.777     0.308
        9 2016     0     7200      0.115      1.478      0.841     0.308
       10 2016     0     7440      0.145      1.512      0.852     0.297
       11 2016     0     7200      0.023      1.607      0.875     0.323
       12 2016     0     7440      0.061      1.606      0.932     0.321
        1 2017     0     7440      0.030      1.571      0.893     0.322
        2 2017     0     6720      0.156      1.579      0.876     0.301
        3 2017     0     7440      0.112      1.429      0.800     0.311
        4 2017     0     7200      0.140      1.434      0.797     0.300
        5 2017     0     7440     -0.127      1.402      0.751     0.296
        6 2017     0     7200     -0.082      1.485      0.756     0.316
        7 2017   275     7165      0.041      1.503      0.831     0.307
        8 2017     0     7440      0.098      1.446      0.858     0.299
        9 2017     0     7200      0.194      1.461      0.893     0.301
       10 2017     0     7440      0.305      1.557      0.930     0.299
       11 2017     0     7200      0.106      1.567      0.888     0.310
       12 2017     0     7440      0.121      1.620      0.944     0.325
        1 2018     0     7440      0.081      1.667      0.930     0.337
        2 2018     0     6720      0.120      1.582      0.849     0.300
        3 2018     0     7440      0.152      1.489      0.929     0.301
        4 2018     0     7200      0.194      1.418      0.805     0.279
        5 2018     0     7440     -0.064      1.304      0.704     0.307
        6 2018     0     7200     -0.040      1.425      0.792     0.322
        7 2018     0     7440     -0.031      1.527      0.823     0.327
        8 2018     0     7440      0.021      1.540      0.857     0.322
        9 2018     0     7200      0.100      1.483      0.881     0.315
       10 2018     0     7440      0.193      1.541      0.885     0.321
       11 2018     0     7200      0.166      1.555      0.910     0.321
       12 2018     0     7440      0.048      1.628      0.902     0.324
        1 2019   233     7207      0.041      1.582      0.917     0.319
        2 2019     0     6720      0.152      1.686      0.966     0.313
        3 2019     0     7440      0.081      1.478      0.825     0.309
        4 2019     0     7200      0.232      1.512      0.846     0.292
        5 2019     0     7440      0.026      1.421      0.798     0.294
        6 2019     0     7200      0.049      1.394      0.792     0.300
        7 2019     0     7440      0.015      1.463      0.827     0.318
        8 2019     0     7440     -0.005      1.462      0.837     0.325
        9 2019     0     7200      0.045      1.543      0.801     0.317
       10 2019     0     7440      0.122      1.555      0.850     0.317
       11 2019     0     7200      0.100      1.520      0.844     0.309
       12 2019     0     7440      0.117      1.533      0.891     0.323
        1 2020     0     7440      0.147      1.572      0.929     0.312
        2 2020     0     6960      0.151      1.596      0.952     0.310
        3 2020     0     7440      0.173      1.616      0.936     0.298
        4 2020     0     7200      0.192      1.588      0.834     0.295
        5 2020     0     7440      0.018      1.523      0.791     0.299
        6 2020     0     7200      0.009      1.453      0.762     0.312
        7 2020     0     7440     -0.058      1.424      0.800     0.320
        8 2020     0     7440      0.107      1.493      0.860     0.314
        9 2020     0     7200      0.216      1.598      0.928     0.302
       10 2020     0     7440      0.193      1.678      0.955     0.307
       11 2020     0     7200      0.092      1.644      0.920     0.314
       12 2020     0     7440      0.123      1.702      0.943     0.322
        1 2021     1     7439      0.139      1.594      0.950     0.325
        2 2021     3     6717      0.166      1.515      0.913     0.301
        3 2021     2     7438      0.148      1.623      0.832     0.300
        4 2021     1     7199      0.017      1.472      0.785     0.300
        5 2021    28     7412      0.001      1.561      0.815     0.313
        6 2021     1     7199      0.019      1.511      0.865     0.309
        7 2021     0     7440      0.200      1.616      0.956     0.307
        8 2021     0     7440      0.210      1.526      0.960     0.296
        9 2021     0     7200      0.249      1.520      0.939     0.299
       10 2021     0     7440      0.308      1.668      0.975     0.305
       11 2021     0     7200      0.162      1.676      0.965     0.311
       12 2021     0     7440      0.105      1.699      0.973     0.319
        1 2022     4     7436     -0.771      1.872      0.973     0.332
        2 2022   465     6255      0.155      1.681      1.027     0.321
        3 2022    34     7406      0.251      1.648      1.004     0.325
        4 2022     7     7193      0.184      1.642      0.951     0.324
        5 2022     0     7440      0.189      1.678      0.975     0.315
        6 2022     1     7199      0.066      1.613      0.963     0.317
        7 2022  1830     5610      0.162      1.737      1.036     0.321
        8 2022  7440        0
        9 2022  1027     6173      0.259      1.640      1.049     0.315
       10 2022   455     6985      0.354      1.692      1.049     0.309
       11 2022     1     7199      0.232      1.701      1.031     0.312
       12 2022     0     7440      0.236      1.737      1.105     0.306
        1 2023     0     7440      0.095      1.759      1.085     0.319
        2 2023     0     6720      0.207      1.723      1.090     0.315
      Totals  104603  2539237

      Mean sea level =  0.888  (Average monthly means = 0.889)

      Maximum recorded level of  1.872 metres at 0854 hours 15/01/2022
      Minimum recorded level of -0.771 metres at 0924 hours 15/01/2022
      Standard deviation of the observations =  0.3192 metres 
      Skewness                               = -0.2011
