


      Monthly sea levels for TUVALU
      -----------------------------

      Mth Year  Gaps     Good     Minimum    Maximum     Mean     St Devn
        3 1993  5520     1920      1.270      2.798      2.006     0.397
        4 1993  7004      196      1.513      2.425      1.956     0.300
        5 1993  2640     4800      1.041      2.712      1.874     0.408
        6 1993     0     7200      0.947      2.880      1.892     0.460
        7 1993     0     7440      0.924      2.958      1.912     0.460
        8 1993     0     7440      0.793      2.985      1.891     0.488
        9 1993  4320     2880      1.048      2.697      1.889     0.396
       10 1993  7440        0
       11 1993   840     6360      0.873      3.103      1.953     0.474
       12 1993  6498      942      1.220      2.752      1.949     0.425
        1 1994     0     7440      1.069      3.102      2.054     0.488
        2 1994     0     6720      1.078      3.253      2.106     0.489
        3 1994     0     7440      0.934      3.167      2.097     0.496
        4 1994     0     7200      0.888      3.160      2.037     0.480
        5 1994     0     7440      0.969      3.148      2.016     0.466
        6 1994   110     7090      0.971      3.041      1.991     0.452
        7 1994  1440     6000      1.054      3.042      1.945     0.478
        8 1994  4080     3360      1.005      2.896      1.934     0.446
        9 1994     0     7200      0.932      2.976      1.938     0.480
       10 1994     0     7440      0.878      3.048      1.934     0.492
       11 1994     0     7200      0.903      3.136      1.990     0.483
       12 1994     0     7440      0.898      3.173      2.006     0.495
        1 1995     0     7440      0.839      3.156      1.960     0.505
        2 1995     0     6720      0.923      3.013      1.971     0.485
        3 1995   960     6480      1.040      3.104      2.093     0.513
        4 1995   480     6720      1.067      3.202      2.137     0.474
        5 1995     0     7440      1.031      3.192      2.083     0.465
        6 1995     0     7200      0.970      3.192      2.039     0.453
        7 1995     0     7440      0.918      3.123      2.004     0.463
        8 1995     0     7440      0.873      3.021      1.954     0.479
        9 1995     0     7200      1.046      3.048      2.021     0.479
       10 1995     0     7440      0.988      3.050      1.991     0.479
       11 1995     0     7200      0.979      3.137      2.032     0.473
       12 1995   240     7200      0.844      3.126      1.955     0.462
        1 1996     0     7440      0.958      3.270      2.051     0.468
        2 1996     0     6960      1.060      3.333      2.148     0.484
        3 1996     0     7440      1.047      3.239      2.142     0.485
        4 1996     0     7200      1.140      3.073      2.082     0.477
        5 1996     0     7440      1.125      3.065      2.024     0.468
        6 1996     0     7200      0.932      3.100      1.987     0.462
        7 1996     0     7440      0.848      3.112      1.961     0.486
        8 1996     0     7440      0.841      3.123      1.986     0.498
        9 1996     0     7200      0.877      3.008      1.961     0.480
       10 1996     0     7440      0.982      2.998      1.940     0.471
       11 1996     0     7200      1.053      2.924      1.972     0.461
       12 1996     0     7440      0.945      2.997      1.954     0.456
        1 1997     0     7440      0.839      3.067      1.961     0.469
        2 1997     0     6720      0.869      3.274      2.061     0.505
        3 1997     0     7440      1.005      3.332      2.123     0.491
        4 1997     0     7200      1.046      3.169      2.056     0.483
        5 1997     0     7440      1.048      3.029      2.021     0.474
        6 1997     0     7200      0.948      2.863      1.920     0.453
        7 1997     0     7440      0.910      2.970      1.897     0.454
        8 1997     0     7440      0.820      3.099      1.916     0.480
        9 1997     0     7200      0.794      3.123      1.947     0.494
       10 1997     0     7440      0.862      3.061      1.952     0.487
       11 1997     0     7200      0.907      2.992      1.887     0.473
       12 1997     0     7440      0.825      2.845      1.840     0.482
        1 1998     0     7440      0.674      2.905      1.807     0.495
        2 1998     0     6720      0.527      2.843      1.683     0.492
        3 1998     0     7440      0.542      2.846      1.691     0.508
        4 1998     0     7200      0.616      2.809      1.673     0.491
        5 1998     0     7440      0.737      2.757      1.713     0.460
        6 1998     0     7200      0.835      2.804      1.773     0.451
        7 1998     0     7440      0.842      2.689      1.752     0.436
        8 1998  1139     6301      0.855      2.812      1.779     0.434
        9 1998   460     6740      0.670      2.850      1.720     0.486
       10 1998     0     7440      0.696      2.960      1.831     0.481
       11 1998     0     7200      0.861      3.063      1.956     0.491
       12 1998     0     7440      0.896      3.101      1.985     0.488
        1 1999     0     7440      1.000      3.179      2.066     0.487
        2 1999     0     6720      1.062      3.219      2.097     0.480
        3 1999     0     7440      1.034      3.196      2.082     0.498
        4 1999     0     7200      0.933      3.077      1.990     0.472
        5 1999     0     7440      0.919      3.079      1.975     0.461
        6 1999     0     7200      0.855      2.944      1.895     0.450
        7 1999     0     7440      1.002      3.043      1.958     0.457
        8 1999     0     7440      1.036      2.990      1.988     0.467
        9 1999     0     7200      0.975      2.999      1.965     0.486
       10 1999     0     7440      0.979      3.107      1.994     0.479
       11 1999     0     7200      0.944      3.143      2.033     0.473
       12 1999     0     7440      1.012      3.176      2.057     0.456
        1 2000     0     7440      1.057      3.240      2.081     0.455
        2 2000     0     6960      1.063      3.190      2.094     0.467
        3 2000     0     7440      1.215      3.199      2.148     0.464
        4 2000     0     7200      1.150      3.080      2.090     0.468
        5 2000     0     7440      1.093      3.059      1.973     0.468
        6 2000     0     7200      0.984      3.062      1.947     0.457
        7 2000     0     7440      0.830      3.020      1.920     0.475
        8 2000     0     7440      0.845      3.116      1.984     0.483
        9 2000     0     7200      0.989      3.036      1.976     0.480
       10 2000     0     7440      1.122      2.987      2.042     0.466
       11 2000     0     7200      1.129      3.057      2.045     0.452
       12 2000     0     7440      1.072      3.132      2.072     0.445
        1 2001     0     7440      1.032      3.183      2.072     0.451
        2 2001     0     6720      1.062      3.328      2.146     0.483
        3 2001     0     7440      1.101      3.348      2.156     0.477
        4 2001     0     7200      1.114      3.157      2.074     0.471
        5 2001     0     7440      1.073      2.971      1.973     0.462
        6 2001     0     7200      1.004      2.948      1.935     0.454
        7 2001     0     7440      0.868      2.969      1.901     0.451
        8 2001     0     7440      0.860      3.131      1.978     0.465
        9 2001     0     7200      0.863      3.095      1.975     0.475
       10 2001     0     7440      0.885      3.047      1.967     0.479
       11 2001     0     7200      1.063      3.019      2.016     0.457
       12 2001     0     7440      1.010      2.994      1.987     0.461
        1 2002     0     7440      1.025      3.236      2.038     0.478
        2 2002     0     6720      1.039      3.310      2.143     0.468
        3 2002     0     7440      1.079      3.307      2.162     0.494
        4 2002     0     7200      1.096      3.207      2.130     0.469
        5 2002     0     7440      0.989      2.995      2.046     0.448
        6 2002     0     7200      1.160      2.927      2.027     0.432
        7 2002     0     7440      1.100      2.965      1.995     0.429
        8 2002     0     7440      1.015      3.066      2.006     0.443
        9 2002     0     7200      0.911      3.104      1.987     0.468
       10 2002     0     7440      0.947      3.184      1.992     0.476
       11 2002     0     7200      0.929      3.177      2.049     0.473
       12 2002     0     7440      1.044      3.143      2.022     0.459
        1 2003     0     7440      1.034      3.049      1.999     0.463
        2 2003     0     6720      0.925      3.077      1.993     0.476
        3 2003     0     7440      1.015      3.156      2.072     0.487
        4 2003     0     7200      1.059      3.255      2.124     0.481
        5 2003     0     7440      1.084      3.265      2.118     0.457
        6 2003     0     7200      1.049      3.082      2.021     0.434
        7 2003     0     7440      1.029      2.962      1.990     0.438
        8 2003     0     7440      0.975      2.982      2.004     0.462
        9 2003     0     7200      1.040      3.083      2.016     0.479
       10 2003     0     7440      0.879      3.124      1.946     0.475
       11 2003     0     7200      0.995      3.157      2.001     0.458
       12 2003     0     7440      0.990      3.093      2.021     0.445
        1 2004     0     7440      0.976      3.075      2.005     0.445
        2 2004     0     6960      1.040      3.104      2.048     0.458
        3 2004     0     7440      1.154      3.132      2.131     0.466
        4 2004     0     7200      1.138      3.147      2.101     0.465
        5 2004     0     7440      1.061      3.126      2.060     0.462
        6 2004     0     7200      1.060      3.065      2.010     0.440
        7 2004     0     7440      0.981      3.086      1.995     0.448
        8 2004     0     7440      0.946      3.100      1.981     0.466
        9 2004     0     7200      1.051      3.002      2.000     0.474
       10 2004     0     7440      1.090      3.012      2.014     0.457
       11 2004     0     7200      1.098      3.080      2.035     0.436
       12 2004     0     7440      0.988      3.067      2.011     0.433
        1 2005     0     7440      0.964      3.142      2.032     0.444
        2 2005     0     6720      0.905      3.230      1.974     0.488
        3 2005     0     7440      0.723      3.004      1.883     0.487
        4 2005     0     7200      1.065      3.100      2.076     0.472
        5 2005     0     7440      1.088      2.998      2.034     0.453
        6 2005     0     7200      1.039      3.047      2.015     0.446
        7 2005     0     7440      0.997      3.117      1.995     0.432
        8 2005     0     7440      0.919      3.159      2.028     0.445
        9 2005     0     7200      0.915      3.183      2.031     0.464
       10 2005     0     7440      1.040      3.087      2.041     0.466
       11 2005     0     7200      1.190      3.001      2.068     0.445
       12 2005     0     7440      1.083      3.123      2.096     0.440
        1 2006     0     7440      1.075      3.365      2.157     0.468
        2 2006     0     6720      1.112      3.438      2.213     0.460
        3 2006     0     7440      1.058      3.373      2.146     0.490
        4 2006     0     7200      1.084      3.113      2.066     0.461
        5 2006     0     7440      1.150      2.998      2.024     0.432
        6 2006     0     7200      1.074      2.821      1.938     0.420
        7 2006     0     7440      0.929      2.924      1.897     0.433
        8 2006     0     7440      0.888      3.092      1.928     0.450
        9 2006     0     7200      0.782      3.089      1.953     0.477
       10 2006     0     7440      0.918      3.159      2.000     0.467
       11 2006     0     7200      1.028      3.132      1.996     0.456
       12 2006     0     7440      1.065      2.974      2.018     0.443
        1 2007     0     7440      1.000      3.051      2.013     0.454
        2 2007     0     6720      0.973      3.221      2.046     0.470
        3 2007     0     7440      0.999      3.267      2.112     0.480
        4 2007     0     7200      1.124      3.273      2.141     0.463
        5 2007     0     7440      1.119      3.111      2.078     0.432
        6 2007     0     7200      1.118      2.990      2.047     0.422
        7 2007     0     7440      1.086      3.011      2.026     0.445
        8 2007     0     7440      0.979      3.024      1.986     0.471
        9 2007     0     7200      0.929      3.119      1.979     0.478
       10 2007     0     7440      1.056      3.206      2.054     0.460
       11 2007     0     7200      1.040      3.159      2.079     0.443
       12 2007     0     7440      1.119      3.142      2.055     0.425
        1 2008     0     7440      1.188      3.218      2.148     0.436
        2 2008     0     6960      1.219      3.178      2.168     0.465
        3 2008     0     7440      1.166      3.202      2.105     0.462
        4 2008     0     7200      1.048      3.151      2.077     0.466
        5 2008     0     7440      1.030      3.131      2.025     0.451
        6 2008     0     7200      1.033      3.049      1.997     0.434
        7 2008     0     7440      0.979      3.020      1.984     0.452
        8 2008     0     7440      1.002      3.035      1.952     0.473
        9 2008     0     7200      1.017      2.921      1.965     0.475
       10 2008     0     7440      1.047      3.016      1.979     0.456
       11 2008     0     7200      1.017      3.080      1.994     0.438
       12 2008     0     7440      0.987      3.080      2.038     0.438
        1 2009     0     7440      1.041      3.235      2.107     0.459
        2 2009     0     6720      1.045      3.292      2.130     0.478
        3 2009     0     7440      1.022      3.151      2.103     0.478
        4 2009     0     7200      1.147      3.050      2.089     0.458
        5 2009     0     7440      1.053      2.984      2.034     0.442
        6 2009     0     7200      0.988      3.031      1.969     0.435
        7 2009     0     7440      0.865      3.026      1.898     0.445
        8 2009     0     7440      0.890      3.112      1.953     0.456
        9 2009     0     7200      0.971      3.056      1.999     0.468
       10 2009     0     7440      1.059      2.960      1.978     0.464
       11 2009     0     7200      1.035      2.944      2.011     0.454
       12 2009     0     7440      1.011      3.110      2.012     0.456
        1 2010     0     7440      0.804      3.217      2.020     0.486
        2 2010     0     6720      0.696      3.099      1.850     0.485
        3 2010   240     7200      0.723      3.011      1.791     0.509
        4 2010     0     7200      0.924      2.998      1.934     0.469
        5 2010     0     7440      1.139      2.971      2.023     0.451
        6 2010   615     6585      1.120      2.994      2.023     0.448
        7 2010     0     7440      0.998      3.046      2.014     0.447
        8 2010     0     7440      0.955      3.189      2.033     0.465
        9 2010     0     7200      0.925      3.171      1.974     0.476
       10 2010     0     7440      1.072      3.247      2.086     0.466
       11 2010     0     7200      1.131      3.159      2.038     0.464
       12 2010     0     7440      1.112      3.116      2.111     0.454
        1 2011     0     7440      1.166      3.299      2.128     0.471
        2 2011     0     6720      0.969      3.234      2.072     0.479
        3 2011     0     7440      0.988      3.214      2.102     0.485
        4 2011     0     7200      0.924      3.142      2.039     0.471
        5 2011     0     7440      0.969      3.050      2.004     0.461
        6 2011     0     7200      1.095      2.990      2.006     0.442
        7 2011     0     7440      1.029      3.049      1.979     0.465
        8 2011     0     7440      0.978      3.090      2.014     0.491
        9 2011     0     7200      0.974      3.163      2.022     0.485
       10 2011     0     7440      1.010      3.184      2.064     0.464
       11 2011     0     7200      0.967      3.142      2.044     0.456
       12 2011     0     7440      1.064      3.142      2.061     0.450
        1 2012  1381     6059      1.111      3.121      2.094     0.450
        2 2012     0     6960      1.098      3.137      2.123     0.481
        3 2012     0     7440      1.095      3.199      2.129     0.471
        4 2012     0     7200      0.982      3.199      2.071     0.474
        5 2012     0     7440      0.950      3.117      1.978     0.459
        6 2012  4929     2271      0.853      3.000      1.928     0.582
        7 2012  7440        0
        8 2012  4870     2570      0.974      2.887      1.919     0.517
        9 2012  1800     5400      0.976      2.999      1.977     0.511
       10 2012   160     7280      0.911      3.089      1.969     0.479
       11 2012     0     7200      0.915      3.160      2.005     0.463
       12 2012     0     7440      0.944      3.180      2.035     0.465
        1 2013   310     7130      0.997      3.295      2.117     0.481
        2 2013   530     6190      1.069      3.213      2.126     0.495
        3 2013     0     7440      1.184      3.172      2.163     0.491
        4 2013     0     7200      1.104      3.143      2.122     0.476
        5 2013     0     7440      1.063      3.207      2.086     0.462
        6 2013   850     6350      0.965      3.154      2.063     0.454
        7 2013     0     7440      0.936      3.184      2.015     0.456
        8 2013     0     7440      0.901      3.063      1.981     0.458
        9 2013     0     7200      1.040      3.053      2.010     0.478
       10 2013  1684     5756      1.026      2.964      1.982     0.512
       11 2013   276     6924      1.008      3.048      1.974     0.469
       12 2013     0     7440      0.911      3.098      1.986     0.479
        1 2014     0     7440      0.917      3.254      2.060     0.497
        2 2014     0     6720      0.971      3.277      2.086     0.477
        3 2014     0     7440      0.997      3.322      2.104     0.518
        4 2014     0     7200      1.081      3.051      2.060     0.485
        5 2014     0     7440      1.152      3.100      2.084     0.465
        6 2014     0     7200      1.117      3.168      2.087     0.450
        7 2014     0     7440      1.010      3.169      2.060     0.459
        8 2014     0     7440      0.887      3.158      2.010     0.470
        9 2014  1931     5269      0.901      3.184      2.051     0.488
       10 2014     0     7440      1.027      3.161      2.095     0.475
       11 2014     0     7200      1.158      3.156      2.100     0.479
       12 2014     0     7440      1.154      3.206      2.108     0.469
        1 2015     0     7440      0.983      3.245      2.116     0.479
        2 2015     0     6720      1.053      3.389      2.156     0.492
        3 2015     0     7440      1.031      3.293      2.155     0.493
        4 2015     0     7200      1.018      3.175      2.075     0.482
        5 2015     0     7440      1.170      3.165      2.126     0.471
        6 2015     0     7200      1.173      3.020      2.078     0.457
        7 2015     0     7440      0.948      3.075      2.026     0.471
        8 2015     0     7440      0.883      3.125      1.972     0.501
        9 2015     0     7200      0.907      3.164      1.996     0.501
       10 2015     0     7440      0.938      3.176      2.032     0.491
       11 2015     0     7200      1.058      3.176      2.032     0.473
       12 2015     0     7440      1.066      3.080      2.016     0.463
        1 2016     0     7440      0.855      2.852      1.857     0.472
        2 2016     0     6960      0.850      3.011      1.915     0.500
        3 2016     0     7440      0.795      3.088      1.958     0.494
        4 2016     0     7200      0.838      3.124      1.989     0.499
        5 2016     0     7440      0.884      3.145      1.988     0.485
        6 2016     0     7200      1.010      3.084      2.004     0.480
        7 2016     0     7440      0.987      3.020      1.973     0.485
        8 2016     0     7440      0.996      3.059      2.004     0.489
        9 2016     0     7200      0.942      3.170      2.064     0.495
       10 2016     0     7440      0.948      3.178      2.057     0.490
       11 2016     0     7200      0.974      3.184      2.062     0.469
       12 2016     0     7440      1.018      3.166      2.098     0.459
        1 2017     0     7440      1.017      3.154      2.103     0.475
        2 2017     0     6720      1.193      3.225      2.165     0.473
        3 2017     0     7440      1.170      3.214      2.177     0.486
        4 2017     0     7200      1.057      3.185      2.104     0.476
        5 2017     0     7440      0.986      3.160      2.061     0.466
        6 2017     0     7200      0.925      3.094      1.981     0.464
        7 2017     0     7440      0.942      3.077      1.976     0.458
        8 2017     0     7440      1.040      3.071      2.019     0.458
        9 2017     0     7200      1.037      2.972      2.003     0.477
       10 2017  5101     2339      1.214      2.871      2.062     0.357
       11 2017     0     7200      1.022      3.167      2.046     0.475
       12 2017     0     7440      1.129      3.314      2.118     0.479
        1 2018     0     7440      1.018      3.303      2.158     0.487
        2 2018     0     6720      1.105      3.294      2.179     0.469
        3 2018     0     7440      1.125      3.298      2.225     0.492
        4 2018     0     7200      1.270      3.140      2.188     0.480
        5 2018     0     7440      1.157      3.181      2.133     0.463
        6 2018     0     7200      1.187      3.232      2.129     0.448
        7 2018     0     7440      1.044      3.165      2.087     0.456
        8 2018     0     7440      0.989      3.216      2.086     0.465
        9 2018     0     7200      1.061      3.224      2.106     0.477
       10 2018     0     7440      1.043      3.099      2.083     0.469
       11 2018     0     7200      1.086      3.062      2.059     0.475
       12 2018     0     7440      1.124      3.197      2.109     0.462
        1 2019     0     7440      1.054      3.240      2.131     0.462
        2 2019     0     6720      0.963      3.273      2.103     0.489
        3 2019     0     7440      1.003      3.219      2.064     0.475
        4 2019     0     7200      1.117      3.185      2.129     0.471
        5 2019     0     7440      1.151      3.087      2.115     0.462
        6 2019   901     6299      1.201      3.017      2.104     0.458
        7 2019  3008     4432      1.128      3.138      2.061     0.495
        8 2019  4784     2656      1.065      3.173      2.077     0.491
        9 2019  7200        0
       10 2019  5553     1887      1.037      3.172      2.092     0.627
       11 2019     0     7200      1.155      3.149      2.095     0.453
       12 2019     0     7440      1.181      3.116      2.119     0.438
        1 2020     0     7440      1.158      3.134      2.128     0.451
        2 2020     0     6960      1.048      3.291      2.151     0.481
        3 2020     0     7440      1.012      3.398      2.196     0.476
        4 2020     0     7200      1.116      3.343      2.195     0.477
        5 2020     0     7440      1.123      3.275      2.141     0.458
        6 2020     0     7200      1.148      3.105      2.080     0.448
        7 2020     0     7440      1.153      2.992      2.046     0.441
        8 2020     0     7440      1.032      3.091      2.039     0.453
        9 2020     0     7200      1.041      3.249      2.107     0.475
       10 2020     0     7440      1.059      3.247      2.120     0.476
       11 2020     0     7200      1.055      3.240      2.107     0.459
       12 2020     0     7440      1.101      3.209      2.144     0.446
        1 2021     0     7440      1.185      3.214      2.187     0.454
        2 2021     1     6719      1.198      3.256      2.240     0.463
        3 2021     2     7438      1.123      3.275      2.183     0.495
        4 2021     0     7200      1.052      3.253      2.096     0.477
        5 2021   481     6959      1.007      3.137      2.070     0.459
        6 2021     0     7200      1.104      3.163      2.039     0.442
        7 2021     0     7440      1.126      3.132      2.071     0.429
        8 2021     2     7438      1.065      3.033      2.036     0.440
        9 2021     1     7199      1.068      3.057      2.083     0.465
       10 2021     0     7440      1.138      3.202      2.093     0.464
       11 2021     0     7200      1.016      3.184      2.067     0.465
       12 2021     2     7438      1.042      3.199      2.096     0.456
        1 2022     0     7440      1.139      3.341      2.172     0.470
        2 2022     0     6720      1.116      3.312      2.188     0.457
        3 2022     0     7440      1.171      3.273      2.151     0.491
        4 2022    47     7153      1.209      3.211      2.183     0.470
        5 2022     0     7440      1.134      3.173      2.116     0.446
        6 2022     0     7200      1.011      3.065      2.026     0.426
        7 2022    19     7421      1.015      3.106      2.045     0.437
        8 2022   904     6536      0.984      3.150      2.043     0.457
        9 2022   248     6952      1.016      3.136      2.052     0.470
       10 2022   118     7322      1.169      3.090      2.095     0.458
       11 2022     2     7198      1.171      3.167      2.111     0.450
       12 2022     0     7440      1.100      3.180      2.122     0.442
        1 2023     1     7439      1.107      3.287      2.156     0.441
        2 2023    96     6624      1.116      3.398      2.220     0.467
      Totals   98658  2531022

      Mean sea level =  2.033  (Average monthly means = 2.032)

      Maximum recorded level of  3.438 metres at 0530 hours 28/02/2006
      Minimum recorded level of  0.527 metres at 1148 hours 27/02/1998
      Standard deviation of the observations =  0.4761 metres 
      Skewness                               =  0.0247
