


      Monthly air temperatures for TUVALU
      -----------------------------------

      Mth Year  Gaps     Good     Minimum    Maximum     Mean     St Devn
        3 1993   553      191     24.900     29.600     27.622     1.001
        4 1993   700       20     25.900     27.800     27.185     0.366
        5 1993   264      480     24.100     30.300     27.873     1.137
        6 1993     2      718     24.000     29.800     28.188     0.872
        7 1993     0      744     23.700     29.600     27.513     1.111
        8 1993     0      744     22.900     29.800     27.908     0.882
        9 1993   432      288     24.600     29.900     27.955     0.919
       10 1993   744        0
       11 1993    84      636     24.500     30.500     28.520     1.035
       12 1993   697       47     24.100     30.800     28.572     1.391
        1 1994   618      126     23.400     30.400     28.561     1.198
        2 1994    97      575     25.300     30.400     28.628     1.013
        3 1994     0      744     24.400     31.100     28.757     1.109
        4 1994     0      720     25.100     31.600     28.700     0.891
        5 1994    19      725     24.900     30.400     28.626     1.016
        6 1994   179      541     24.800     30.300     28.350     0.980
        7 1994   148      596     24.100     29.900     28.250     0.799
        8 1994   408      336     24.000     30.200     27.812     1.044
        9 1994    64      656     24.100     30.200     28.334     0.914
       10 1994     0      744     23.800     30.900     28.426     1.140
       11 1994    12      708     23.900     30.600     28.533     1.083
       12 1994     0      744     24.000     30.900     29.022     0.975
        1 1995     0      744     24.400     30.700     28.390     1.118
        2 1995     3      669     24.800     30.800     28.367     1.001
        3 1995   101      643     25.200     31.200     28.651     1.186
        4 1995    72      648     24.800     30.600     28.860     1.065
        5 1995     8      736     25.300     31.500     28.724     0.951
        6 1995    20      700     25.100     30.600     28.863     1.019
        7 1995    24      720     24.200     31.600     28.882     1.078
        8 1995     6      738     25.000     30.700     28.869     0.851
        9 1995    12      708     24.300     30.000     28.444     0.897
       10 1995     9      735     24.100     30.100     28.115     1.066
       11 1995    13      707     24.400     31.000     28.522     0.948
       12 1995    47      697     24.500     30.700     28.247     0.970
        1 1996    18      726     23.800     30.400     28.609     0.868
        2 1996    56      640     24.800     30.100     28.366     0.989
        3 1996     8      736     24.300     30.400     28.395     1.162
        4 1996     2      718     24.300     30.300     28.339     1.085
        5 1996     0      744     23.400     30.400     28.425     1.080
        6 1996     0      720     24.900     30.400     28.712     0.732
        7 1996   744        0
        8 1996     1      743     25.200     31.300     28.331     0.835
        9 1996     4      716     24.500     30.000     28.151     0.855
       10 1996    14      730     25.000     30.000     28.219     0.881
       11 1996     0      720     24.900     30.600     28.478     0.936
       12 1996     1      743     24.800     30.600     28.440     1.034
        1 1997    23      721     24.500     30.800     28.432     1.030
        2 1997     1      671     24.400     30.300     28.182     1.152
        3 1997    21      723     24.400     29.600     27.596     1.060
        4 1997     3      717     24.400     30.100     28.680     0.872
        5 1997    10      734     23.200     30.100     28.461     1.072
        6 1997     1      719     23.800     29.300     27.829     0.893
        7 1997    15      729     24.800     29.700     28.308     0.643
        8 1997     5      739     24.400     29.800     28.253     0.769
        9 1997     2      718     24.200     30.100     28.263     1.024
       10 1997    13      731     24.800     30.100     28.220     0.975
       11 1997     3      717     24.400     30.600     28.771     0.877
       12 1997     0      744     24.200     30.400     28.428     1.077
        1 1998     0      744     24.900     30.000     27.956     0.962
        2 1998     3      669     25.000     30.100     27.880     0.907
        3 1998     2      742     23.900     31.600     28.284     0.874
        4 1998     2      718     24.900     31.000     28.436     0.856
        5 1998     0      744     25.400     30.100     28.470     0.739
        6 1998     4      716     24.700     29.900     28.261     0.730
        7 1998     8      736     24.400     29.300     27.535     0.866
        8 1998   120      624     24.700     29.400     27.649     0.808
        9 1998   275      445     24.700     30.200     28.100     0.791
       10 1998     1      743     24.200     30.700     27.813     1.017
       11 1998     1      719     23.700     30.100     28.247     0.976
       12 1998     1      743     23.300     30.400     28.325     1.072
        1 1999     0      744     22.800     29.600     27.966     1.037
        2 1999     0      672     24.000     29.600     27.861     1.058
        3 1999     2      742     24.000     30.300     27.986     1.005
        4 1999     5      715     24.500     30.400     28.350     0.962
        5 1999     3      741     24.300     30.100     28.386     0.959
        6 1999     4      716     24.400     29.700     28.076     0.928
        7 1999     9      735     24.600     29.700     28.327     0.630
        8 1999     5      739     24.200     29.300     28.187     0.607
        9 1999     4      716     23.400     29.900     27.982     0.831
       10 1999     0      744     24.500     29.800     28.374     0.766
       11 1999     0      720     23.900     30.100     28.465     0.822
       12 1999     0      744     23.400     29.800     28.212     0.939
        1 2000     0      744     24.200     29.800     28.097     0.915
        2 2000    21      675     23.800     30.100     28.157     1.019
        3 2000     6      738     23.400     29.600     27.922     1.040
        4 2000     0      720     23.100     30.000     28.422     0.941
        5 2000     2      742     24.500     30.100     28.502     0.840
        6 2000     1      719     24.500     29.800     28.149     0.912
        7 2000     2      742     24.900     29.700     28.251     0.772
        8 2000     0      744     23.300     29.400     28.070     0.982
        9 2000     0      720     25.500     29.700     28.460     0.645
       10 2000     0      744     23.700     30.000     28.353     0.953
       11 2000     0      720     24.400     30.200     28.638     0.829
       12 2000     0      744     24.800     30.100     28.478     0.955
        1 2001     0      744     24.300     30.500     28.577     1.112
        2 2001     0      672     24.200     30.300     28.411     1.204
        3 2001     0      744     24.400     30.400     28.476     0.927
        4 2001     0      720     24.300     30.500     28.642     1.059
        5 2001     0      744     25.700     31.000     28.526     0.912
        6 2001     0      720     25.100     30.200     28.388     0.834
        7 2001     0      744     23.700     30.100     28.478     0.805
        8 2001     4      740     24.600     29.800     28.238     0.873
        9 2001     0      720     23.800     30.100     28.453     0.942
       10 2001     0      744     24.500     31.100     28.555     1.001
       11 2001     0      720     24.000     31.000     28.668     1.073
       12 2001     2      742     24.600     31.000     28.537     1.082
        1 2002     0      744     25.300     30.900     28.786     1.059
        2 2002     0      672     24.400     30.800     28.807     1.139
        3 2002     0      744     24.700     31.000     28.685     1.153
        4 2002     1      719     23.600     31.000     29.164     1.005
        5 2002     0      744     24.500     30.700     28.851     1.068
        6 2002     0      720     25.100     30.500     28.822     0.834
        7 2002     0      744     24.300     30.300     28.517     0.833
        8 2002     0      744     24.600     31.300     28.360     1.026
        9 2002     0      720     24.300     30.300     28.510     0.942
       10 2002     0      744     24.200     31.100     28.450     1.170
       11 2002     0      720     25.300     31.300     28.970     1.036
       12 2002     0      744     25.000     32.600     28.823     0.973
        1 2003     0      744     24.700     31.200     28.437     1.017
        2 2003     0      672     24.900     31.700     28.670     0.994
        3 2003     0      744     24.600     32.400     29.021     1.076
        4 2003     0      720     24.100     30.700     28.769     1.091
        5 2003     0      744     25.800     30.600     28.857     0.945
        6 2003     0      720     24.600     30.300     28.321     1.005
        7 2003     0      744     23.700     29.900     28.302     0.952
        8 2003     0      744     23.800     30.100     27.977     1.075
        9 2003     0      720     24.000     30.400     28.239     0.966
       10 2003     0      744     24.900     31.800     28.512     1.016
       11 2003     0      720     24.800     31.100     28.710     1.131
       12 2003     0      744     23.300     31.700     29.044     1.154
        1 2004     0      744     24.700     31.000     28.620     1.056
        2 2004     0      696     24.600     31.400     28.727     1.203
        3 2004     2      742     24.300     31.900     28.407     1.155
        4 2004     0      720     24.800     30.700     28.413     1.009
        5 2004     0      744     25.500     30.500     28.823     0.792
        6 2004     0      720     24.300     30.700     28.411     0.948
        7 2004   744        0
        8 2004   744        0
        9 2004   720        0
       10 2004   744        0
       11 2004   720        0
       12 2004   744        0
        1 2005   744        0
        2 2005   672        0
        3 2005   744        0
        4 2005   720        0
        5 2005   744        0
        6 2005   720        0
        7 2005     7      737     24.300     30.400     28.263     1.060
        8 2005     9      735     24.200     30.400     28.399     1.000
        9 2005     1      719     25.400     31.800     28.907     0.737
       10 2005     2      742     25.100     31.200     28.922     0.906
       11 2005     0      720     23.500     33.700     28.884     1.322
       12 2005     0      744     24.800     32.100     28.807     1.243
        1 2006     0      744     24.200     31.900     28.666     1.248
        2 2006     0      672     23.900     30.700     27.976     1.324
        3 2006     0      744     24.100     30.600     28.208     1.117
        4 2006     0      720     25.100     31.000     29.168     0.884
        5 2006     0      744     24.800     32.300     28.737     1.040
        6 2006     1      719     23.900     30.100     28.514     0.959
        7 2006     0      744     24.000     30.400     28.419     0.947
        8 2006     3      741     23.600     31.200     28.098     1.113
        9 2006     2      718     24.500     30.800     28.718     0.981
       10 2006     1      743     24.300     32.400     28.786     1.139
       11 2006     0      720     23.600     32.700     28.539     1.130
       12 2006     0      744     25.500     32.600     29.052     1.137
        1 2007     0      744     24.500     32.800     29.005     1.220
        2 2007     2      670     25.400     32.700     28.832     1.091
        3 2007     4      740     23.800     32.400     28.719     1.369
        4 2007     5      715     24.400     31.700     28.751     1.188
        5 2007     0      744     24.300     31.800     28.560     1.173
        6 2007     0      720     24.200     31.400     28.956     0.978
        7 2007     1      743     24.000     30.300     28.532     1.074
        8 2007     0      744     23.700     31.100     28.060     1.190
        9 2007     0      720     23.700     30.700     28.452     1.103
       10 2007     0      744     23.800     30.300     28.278     1.206
       11 2007     0      720     24.100     31.400     28.588     1.162
       12 2007    10      734     23.400     32.700     28.517     1.447
        1 2008     0      744     23.600     31.500     27.964     1.428
        2 2008   696        0
        3 2008   744        0
        4 2008   720        0
        5 2008   744        0
        6 2008   720        0
        7 2008   744        0
        8 2008   744        0
        9 2008   720        0
       10 2008   744        0
       11 2008     0      720     23.400     31.200     28.497     1.026
       12 2008     0      744     24.400     30.600     28.446     1.118
        1 2009     0      744     24.300     30.400     28.316     1.112
        2 2009     1      671     24.400     30.200     28.375     0.994
        3 2009     1      743     24.800     31.300     28.475     1.045
        4 2009   191      529     23.600     32.200     28.353     1.198
        5 2009     1      743     25.400     30.400     28.546     0.818
        6 2009     0      720     24.300     30.300     28.440     0.877
        7 2009    10      734     25.000     30.200     28.527     0.737
        8 2009     0      744     23.600     30.700     28.450     0.835
        9 2009     2      718     24.600     30.400     28.671     0.836
       10 2009     0      744     24.200     30.300     28.215     1.067
       11 2009     0      720     24.700     30.400     28.685     1.069
       12 2009     0      744     24.800     30.600     28.667     0.956
        1 2010     0      744     24.000     31.800     28.970     1.038
        2 2010     0      672     24.600     31.200     28.204     0.958
        3 2010    27      717     24.800     30.400     28.639     0.885
        4 2010     1      719     25.500     31.700     29.328     0.782
        5 2010    16      728     24.400     30.800     29.238     0.896
        6 2010    86      634     24.500     30.900     29.007     0.791
        7 2010   143      601     24.600     31.700     28.471     0.914
        8 2010   182      562     24.500     29.700     28.270     0.877
        9 2010   219      501     24.500     29.600     28.007     0.960
       10 2010   219      525     24.700     29.600     28.309     0.787
       11 2010   164      556     25.100     30.000     28.373     0.811
       12 2010    70      674     22.400     29.500     28.318     0.749
        1 2011    49      695     23.400     29.300     27.566     0.987
        2 2011    48      624     23.400     29.200     27.791     0.842
        3 2011   414      330     23.700     29.400     27.811     0.982
        4 2011   720        0
        5 2011   744        0
        6 2011   720        0
        7 2011   744        0
        8 2011   744        0
        9 2011   720        0
       10 2011   744        0
       11 2011   720        0
       12 2011   744        0
        1 2012   744        0
        2 2012   696        0
        3 2012   744        0
        4 2012   720        0
        5 2012   744        0
        6 2012   720        0
        7 2012   744        0
        8 2012   585      159     25.100     29.600     28.117     0.932
        9 2012   438      282     24.100     29.900     28.325     0.873
       10 2012    70      674     24.200     30.500     28.662     1.044
       11 2012    10      710     24.500     30.700     28.769     1.164
       12 2012   744        0
        1 2013   744        0
        2 2013   672        0
        3 2013   744        0
        4 2013   720        0
        5 2013   744        0
        6 2013   720        0
        7 2013   744        0
        8 2013   744        0
        9 2013   720        0
       10 2013   744        0
       11 2013     7      713     24.700     30.800     28.759     0.973
       12 2013     0      744     24.500     31.300     28.615     1.050
        1 2014     1      743     24.600     30.500     28.341     1.112
        2 2014     0      672     25.000     31.100     28.639     1.117
        3 2014     0      744     24.300     30.600     28.468     0.979
        4 2014     2      718     25.300     30.800     28.987     0.849
        5 2014     0      744     25.000     31.000     28.833     0.887
        6 2014     0      720     25.400     30.500     28.937     0.804
        7 2014     0      744     23.600     30.000     28.168     1.092
        8 2014     0      744     24.600     29.800     27.967     0.924
        9 2014   194      526     25.100     30.200     28.399     0.806
       10 2014     0      744     24.000     31.300     28.686     1.141
       11 2014     0      720     25.000     31.100     28.943     1.037
       12 2014     0      744     24.800     31.400     29.045     1.089
        1 2015     2      742     23.800     32.300     28.970     1.401
        2 2015     0      672     24.400     31.200     28.708     1.131
        3 2015     0      744     24.900     31.800     28.875     0.991
        4 2015     0      720     23.900     31.900     28.709     1.142
        5 2015     0      744     24.600     31.700     28.977     0.923
        6 2015     0      720     25.100     30.800     28.873     0.823
        7 2015     2      742     24.500     30.300     28.285     1.005
        8 2015     0      744     24.700     30.500     28.350     0.917
        9 2015     0      720     24.900     31.700     28.701     0.927
       10 2015     0      744     24.900     31.100     28.661     0.972
       11 2015   104      616     24.300     31.400     28.841     0.966
       12 2015     0      744     24.900     31.500     28.842     0.926
        1 2016     0      744     25.200     32.100     29.358     0.798
        2 2016     0      696     25.400     32.600     29.118     1.088
        3 2016     0      744     24.900     32.600     29.213     1.082
        4 2016     0      720     24.500     31.500     29.117     1.007
        5 2016     0      744     25.100     31.800     28.899     0.932
        6 2016     0      720     24.500     31.300     28.562     0.853
        7 2016     0      744     24.500     30.100     28.021     0.962
        8 2016     0      744     24.600     30.600     28.457     0.932
        9 2016     0      720     24.900     30.600     28.818     0.950
       10 2016     0      744     24.100     32.000     28.950     1.027
       11 2016     0      720     23.900     31.300     28.954     1.134
       12 2016     0      744     24.800     33.000     28.990     1.098
        1 2017     0      744     24.600     31.000     28.981     1.114
        2 2017     0      672     25.100     31.200     28.936     0.785
        3 2017     0      744     24.600     30.900     28.862     1.008
        4 2017     0      720     24.500     31.200     28.657     1.141
        5 2017    13      731     24.800     30.700     29.091     0.896
        6 2017     0      720     24.800     30.700     28.994     0.779
        7 2017     0      744     25.800     30.600     28.989     0.859
        8 2017     1      743     25.400     31.200     28.528     0.849
        9 2017     0      720     24.100     30.600     28.820     0.874
       10 2017   512      232     25.000     30.700     28.922     0.843
       11 2017     0      720     24.300     31.700     29.011     1.028
       12 2017     0      744     23.800     31.800     28.808     1.167
        1 2018     0      744     22.800     31.200     28.971     1.023
        2 2018     0      672     24.700     31.800     28.353     1.219
        3 2018     0      744     24.500     30.800     28.776     0.944
        4 2018     0      720     24.700     30.900     28.983     0.881
        5 2018     0      744     25.100     30.700     28.869     0.856
        6 2018     0      720     25.500     30.600     28.773     0.903
        7 2018     0      744     23.900     30.300     28.467     0.890
        8 2018     0      744     23.900     30.200     28.045     1.083
        9 2018     0      720     24.200     31.800     28.569     0.986
       10 2018     0      744     25.100     32.200     29.190     0.955
       11 2018     0      720     25.300     32.200     29.094     1.118
       12 2018     0      744     25.100     31.200     29.087     1.027
        1 2019     0      744     24.400     31.700     29.203     1.048
        2 2019    14      658     24.400     30.700     28.411     1.131
        3 2019     0      744     25.000     30.900     29.145     0.865
        4 2019     0      720     24.700     31.800     29.118     0.993
        5 2019     0      744     24.800     31.600     28.825     0.980
        6 2019   120      600     25.300     30.900     29.234     0.797
        7 2019   423      321     26.100     31.400     29.072     0.780
        8 2019   569      175     25.500     30.500     29.016     1.046
        9 2019   720        0
       10 2019   557      187     25.800     31.300     29.443     0.909
       11 2019     0      720     24.300     32.100     29.179     1.167
       12 2019     0      744     24.900     31.900     29.120     1.132
        1 2020     0      744     24.700     30.900     28.791     0.980
        2 2020     0      696     24.900     31.100     28.471     1.049
        3 2020     0      744     25.000     31.200     29.293     0.881
        4 2020     0      720     24.800     31.700     29.419     0.949
        5 2020     0      744     24.500     31.400     29.458     0.947
        6 2020     0      720     24.500     30.900     28.914     0.968
        7 2020     0      744     24.300     30.600     28.681     0.900
        8 2020     0      744     22.400     31.300     28.531     1.134
        9 2020     0      720     23.600     30.500     28.670     0.907
       10 2020     0      744     24.100     30.700     28.768     0.964
       11 2020     0      720     25.700     30.900     28.990     0.848
       12 2020     0      744     23.900     30.900     28.408     1.233
        1 2021     0      744     24.600     30.300     28.735     0.904
        2 2021     1      671     24.700     30.700     27.970     1.149
        3 2021     0      744     25.000     30.400     28.595     0.860
        4 2021     0      720     23.500     30.500     28.374     1.018
        5 2021    48      696     25.200     30.400     29.040     0.700
        6 2021     0      720     24.100     30.500     28.478     0.840
        7 2021     0      744     24.700     30.200     28.503     0.988
        8 2021     1      743     24.500     30.300     28.031     1.007
        9 2021     0      720     24.300     30.000     28.735     0.720
       10 2021     1      743     24.300     30.200     28.244     1.093
       11 2021     0      720     24.500     30.700     28.790     0.918
       12 2021     0      744     23.500     30.300     28.220     1.187
        1 2022     1      743     24.600     30.200     28.389     1.020
        2 2022     0      672     24.700     31.100     28.562     0.917
        3 2022     0      744     24.500     30.700     28.402     1.158
        4 2022     3      717     24.600     30.700     28.918     0.839
        5 2022     0      744     24.700     30.700     28.582     0.923
        6 2022     0      720     23.600     30.300     28.698     0.665
        7 2022     2      742     24.300     29.700     28.340     0.704
        8 2022    92      652     24.000     29.600     28.073     0.806
        9 2022    24      696     25.200     29.700     28.130     0.675
       10 2022    10      734     24.900     29.700     28.282     0.740
       11 2022     4      716     23.000     31.500     28.489     0.965
       12 2022    21      723     23.500     31.000     28.461     1.148
        1 2023    13      731     23.900     30.800     28.533     1.041
        2 2023    14      658     24.600     30.200     28.622     1.103
      Totals   48330   214638

      Mean air temperature = 28.551  (Average monthly means =28.541)

      Maximum recorded temperature of 33.700 deg C at 0300 hours 19/11/2005
      Minimum recorded temperature of 22.400 deg C at 0700 hours 29/12/2010
      Standard deviation of the observations =  1.0574 deg C  
      Skewness                               = -0.8676
