


      Monthly sea levels for SOLOMON ISLANDS
      --------------------------------------

      Mth Year  Gaps     Good     Minimum    Maximum     Mean     St Devn
        7 1994  6480      960      0.335      0.871      0.586     0.131
        8 1994     0     7440      0.181      0.875      0.568     0.172
        9 1994     0     7200      0.162      0.840      0.489     0.153
       10 1994   330     7110      0.193      0.919      0.537     0.159
       11 1994     0     7200      0.130      0.943      0.560     0.194
       12 1994     0     7440      0.065      0.991      0.556     0.225
        1 1995     0     7440      0.026      0.913      0.524     0.214
        2 1995     0     6720      0.150      0.819      0.507     0.167
        3 1995     0     7440      0.320      1.003      0.675     0.142
        4 1995     0     7200      0.358      1.162      0.721     0.159
        5 1995     0     7440      0.193      1.054      0.664     0.190
        6 1995     0     7200      0.133      1.029      0.628     0.202
        7 1995     0     7440      0.200      1.071      0.674     0.193
        8 1995     0     7440      0.185      0.999      0.648     0.163
        9 1995     0     7200      0.284      0.981      0.643     0.147
       10 1995     0     7440      0.321      1.096      0.681     0.163
       11 1995     0     7200      0.241      1.134      0.703     0.191
       12 1995     0     7440      0.148      1.117      0.701     0.209
        1 1996     0     7440      0.202      1.110      0.699     0.204
        2 1996     0     6960      0.321      1.064      0.774     0.177
        3 1996     0     7440      0.456      1.126      0.798     0.145
        4 1996     0     7200      0.508      1.224      0.827     0.152
        5 1996     0     7440      0.279      1.167      0.744     0.189
        6 1996     0     7200      0.190      1.102      0.655     0.205
        7 1996     0     7440      0.154      1.047      0.661     0.199
        8 1996     0     7440      0.244      0.959      0.662     0.162
        9 1996     0     7200      0.361      0.980      0.686     0.140
       10 1996     0     7440      0.322      1.093      0.672     0.161
       11 1996     0     7200      0.253      1.092      0.699     0.195
       12 1996     0     7440      0.201      1.241      0.721     0.214
        1 1997     0     7440      0.161      1.092      0.676     0.204
        2 1997     0     6720      0.233      1.082      0.731     0.177
        3 1997     0     7440      0.393      1.077      0.752     0.157
        4 1997     0     7200      0.180      0.995      0.603     0.164
        5 1997     0     7440      0.154      0.986      0.572     0.177
        6 1997     0     7200      0.119      0.951      0.564     0.193
        7 1997  7230      210      0.255      0.846      0.610     0.183
        8 1997  7440        0
        9 1997  1680     5520      0.025      0.719      0.387     0.147
       10 1997     0     7440      0.153      0.809      0.427     0.145
       11 1997     0     7200      0.030      0.871      0.424     0.190
       12 1997     0     7440      0.015      0.890      0.477     0.216
        1 1998     0     7440      0.028      0.863      0.490     0.208
        2 1998     0     6720      0.068      0.743      0.446     0.169
        3 1998     0     7440      0.097      0.730      0.444     0.136
        4 1998     0     7200      0.163      0.870      0.495     0.154
        5 1998     0     7440      0.079      0.920      0.499     0.182
        6 1998     0     7200      0.034      0.878      0.493     0.199
        7 1998   802     6638     -0.025      0.777      0.406     0.190
        8 1998   698     6742      0.072      0.776      0.478     0.171
        9 1998   554     6646      0.147      0.815      0.488     0.150
       10 1998  1690     5750      0.186      0.842      0.520     0.158
       11 1998     0     7200      0.129      0.971      0.567     0.186
       12 1998   249     7191      0.112      1.000      0.605     0.220
        1 1999     0     7440      0.191      1.162      0.714     0.226
        2 1999     0     6720      0.393      1.208      0.852     0.187
        3 1999     0     7440      0.451      1.192      0.846     0.153
        4 1999     0     7200      0.412      1.171      0.781     0.160
        5 1999     0     7440      0.301      1.182      0.725     0.188
        6 1999   442     6758      0.129      1.080      0.649     0.203
        7 1999     0     7440      0.132      1.043      0.637     0.205
        8 1999     0     7440      0.213      1.046      0.661     0.176
        9 1999     0     7200      0.309      1.068      0.699     0.154
       10 1999     0     7440      0.363      1.149      0.718     0.167
       11 1999     0     7200      0.304      1.240      0.728     0.196
       12 1999     0     7440      0.262      1.218      0.777     0.214
        1 2000     0     7440      0.305      1.235      0.799     0.219
        2 2000     0     6960      0.304      1.130      0.802     0.195
        3 2000     0     7440      0.505      1.195      0.866     0.161
        4 2000     0     7200      0.524      1.238      0.862     0.165
        5 2000     0     7440      0.376      1.246      0.810     0.188
        6 2000     0     7200      0.261      1.198      0.739     0.211
        7 2000     0     7440      0.107      1.182      0.679     0.219
        8 2000     0     7440      0.148      0.955      0.608     0.187
        9 2000     0     7200      0.311      1.025      0.657     0.155
       10 2000     0     7440      0.335      1.140      0.717     0.168
       11 2000     0     7200      0.337      1.234      0.762     0.205
       12 2000     0     7440      0.277      1.269      0.804     0.229
        1 2001     0     7440      0.242      1.241      0.790     0.223
        2 2001     0     6720      0.368      1.237      0.885     0.199
        3 2001     0     7440      0.421      1.235      0.859     0.168
        4 2001     0     7200      0.530      1.274      0.873     0.177
        5 2001     0     7440      0.197      1.211      0.782     0.202
        6 2001     0     7200      0.077      1.078      0.610     0.217
        7 2001   960     6480     -0.068      0.860      0.439     0.221
        8 2001     0     7440      0.099      0.923      0.586     0.197
        9 2001     0     7200      0.206      0.964      0.633     0.165
       10 2001     0     7440      0.326      1.097      0.661     0.170
       11 2001     0     7200      0.269      1.159      0.715     0.206
       12 2001     0     7440      0.103      1.210      0.679     0.245
        1 2002     0     7440      0.095      1.048      0.616     0.235
        2 2002     0     6720      0.155      0.988      0.636     0.202
        3 2002     0     7440      0.277      1.075      0.682     0.173
        4 2002     0     7200      0.357      1.164      0.731     0.179
        5 2002     0     7440      0.233      1.169      0.730     0.208
        6 2002     0     7200      0.209      1.153      0.714     0.221
        7 2002     0     7440      0.124      1.026      0.620     0.216
        8 2002     0     7440      0.161      1.007      0.612     0.198
        9 2002     0     7200      0.119      0.910      0.539     0.178
       10 2002     0     7440      0.160      0.958      0.544     0.186
       11 2002     0     7200      0.162      1.011      0.604     0.208
       12 2002     0     7440      0.090      1.047      0.595     0.238
        1 2003     0     7440      0.034      1.014      0.564     0.247
        2 2003     0     6720      0.089      0.905      0.560     0.206
        3 2003     0     7440      0.212      1.042      0.640     0.178
        4 2003     0     7200      0.206      1.098      0.656     0.181
        5 2003     0     7440      0.242      1.242      0.736     0.216
        6 2003     0     7200      0.124      1.213      0.700     0.235
        7 2003     0     7440      0.157      1.144      0.677     0.230
        8 2003     0     7440      0.109      0.979      0.637     0.198
        9 2003     0     7200      0.206      1.027      0.658     0.177
       10 2003     0     7440      0.205      1.118      0.675     0.196
       11 2003     0     7200      0.099      1.119      0.662     0.221
       12 2003     0     7440      0.088      1.168      0.700     0.237
        1 2004     0     7440      0.092      1.084      0.648     0.238
        2 2004     0     6960      0.125      1.046      0.663     0.213
        3 2004     0     7440      0.306      1.182      0.787     0.188
        4 2004     0     7200      0.319      1.146      0.707     0.196
        5 2004     0     7440      0.250      1.212      0.715     0.210
        6 2004     0     7200      0.121      1.163      0.645     0.236
        7 2004     0     7440      0.044      1.017      0.601     0.239
        8 2004     0     7440      0.088      0.959      0.568     0.208
        9 2004     0     7200      0.226      0.965      0.604     0.172
       10 2004     0     7440      0.239      1.090      0.614     0.190
       11 2004     0     7200      0.182      1.110      0.654     0.225
       12 2004     0     7440      0.059      1.067      0.624     0.247
        1 2005     0     7440      0.054      1.091      0.672     0.237
        2 2005     0     6720      0.097      1.009      0.647     0.216
        3 2005     0     7440      0.114      0.975      0.584     0.190
        4 2005     0     7200      0.218      1.195      0.697     0.203
        5 2005     0     7440      0.176      1.119      0.666     0.221
        6 2005     0     7200      0.116      1.137      0.668     0.234
        7 2005     0     7440      0.067      1.079      0.621     0.232
        8 2005     0     7440      0.131      0.993      0.623     0.210
        9 2005     0     7200      0.214      1.073      0.666     0.183
       10 2005     0     7440      0.313      1.159      0.696     0.189
       11 2005     0     7200      0.251      1.254      0.754     0.226
       12 2005     0     7440      0.159      1.240      0.755     0.259
        1 2006     0     7440      0.215      1.267      0.809     0.254
        2 2006     0     6720      0.335      1.210      0.862     0.215
        3 2006     0     7440      0.494      1.314      0.905     0.188
        4 2006     0     7200      0.420      1.320      0.859     0.196
        5 2006     0     7440      0.254      1.239      0.783     0.226
        6 2006     0     7200      0.188      1.174      0.715     0.234
        7 2006     0     7440      0.102      1.058      0.639     0.225
        8 2006     0     7440      0.090      0.994      0.572     0.209
        9 2006     0     7200      0.118      1.000      0.577     0.192
       10 2006     0     7440      0.178      1.003      0.569     0.198
       11 2006     0     7200      0.099      1.035      0.586     0.221
       12 2006     0     7440      0.047      1.058      0.613     0.246
        1 2007     0     7440      0.114      1.079      0.641     0.252
        2 2007     0     6720      0.101      1.104      0.629     0.217
        3 2007     0     7440      0.289      1.201      0.726     0.187
        4 2007     0     7200      0.391      1.258      0.752     0.188
        5 2007     0     7440      0.243      1.245      0.745     0.219
        6 2007     0     7200      0.198      1.223      0.736     0.237
        7 2007     0     7440      0.119      1.171      0.666     0.237
        8 2007     0     7440      0.235      1.090      0.707     0.200
        9 2007     0     7200      0.291      1.091      0.694     0.183
       10 2007     0     7440      0.252      1.246      0.707     0.207
       11 2007     0     7200      0.291      1.348      0.809     0.237
       12 2007     0     7440      0.269      1.315      0.809     0.245
        1 2008     0     7440      0.310      1.263      0.857     0.240
        2 2008     0     6960      0.359      1.239      0.886     0.212
        3 2008     0     7440      0.532      1.325      0.937     0.189
        4 2008     0     7200      0.492      1.360      0.903     0.196
        5 2008     0     7440      0.311      1.366      0.809     0.219
        6 2008     0     7200      0.202      1.236      0.735     0.234
        7 2008     0     7440      0.095      1.128      0.676     0.236
        8 2008     0     7440      0.189      1.086      0.685     0.198
        9 2008     0     7200      0.301      1.100      0.686     0.172
       10 2008     0     7440      0.250      1.147      0.677     0.194
       11 2008     0     7200      0.218      1.247      0.713     0.232
       12 2008     0     7440      0.176      1.293      0.799     0.245
        1 2009     0     7440      0.278      1.281      0.834     0.233
        2 2009     0     6720      0.396      1.254      0.900     0.204
        3 2009     0     7440      0.475      1.300      0.904     0.184
        4 2009     0     7200      0.357      1.255      0.823     0.197
        5 2009     0     7440      0.213      1.203      0.775     0.217
        6 2009     0     7200      0.091      1.128      0.690     0.227
        7 2009     0     7440      0.098      1.060      0.652     0.223
        8 2009     0     7440      0.177      0.985      0.635     0.199
        9 2009     0     7200      0.215      0.992      0.631     0.173
       10 2009     0     7440      0.265      1.073      0.615     0.180
       11 2009     0     7200      0.133      1.075      0.628     0.224
       12 2009     0     7440      0.045      1.139      0.625     0.255
        1 2010     0     7440      0.072      1.014      0.605     0.236
        2 2010     0     6720      0.111      0.903      0.551     0.198
        3 2010     0     7440      0.226      0.973      0.561     0.169
        4 2010     0     7200      0.177      1.027      0.604     0.185
        5 2010     0     7440      0.159      1.095      0.625     0.216
        6 2010     0     7200      0.123      1.077      0.643     0.224
        7 2010     0     7440      0.194      1.129      0.683     0.211
        8 2010   273     7167      0.197      1.033      0.694     0.183
        9 2010     0     7200      0.281      1.091      0.684     0.174
       10 2010     0     7440      0.400      1.229      0.788     0.187
       11 2010     0     7200      0.274      1.211      0.762     0.217
       12 2010     0     7440      0.301      1.298      0.817     0.236
        1 2011     0     7440      0.276      1.198      0.803     0.227
        2 2011     0     6720      0.398      1.267      0.877     0.193
        3 2011     0     7440      0.504      1.319      0.890     0.162
        4 2011     0     7200      0.474      1.270      0.872     0.174
        5 2011     0     7440      0.318      1.263      0.813     0.203
        6 2011     0     7200      0.230      1.165      0.756     0.220
        7 2011     0     7440      0.227      1.157      0.714     0.217
        8 2011     0     7440      0.240      1.070      0.692     0.182
        9 2011     0     7200      0.382      1.134      0.749     0.163
       10 2011     0     7440      0.417      1.264      0.813     0.190
       11 2011   476     6724      0.291      1.254      0.806     0.215
       12 2011   996     6444      0.346      1.325      0.853     0.239
        1 2012     0     7440      0.412      1.267      0.893     0.219
        2 2012     0     6960      0.484      1.294      0.927     0.192
        3 2012     0     7440      0.595      1.329      0.936     0.171
        4 2012     0     7200      0.447      1.208      0.830     0.173
        5 2012     0     7440      0.356      1.240      0.805     0.195
        6 2012     0     7200      0.249      1.184      0.723     0.215
        7 2012     0     7440      0.171      1.111      0.667     0.213
        8 2012     0     7440      0.181      0.925      0.625     0.175
        9 2012     0     7200      0.354      0.986      0.651     0.146
       10 2012     0     7440      0.244      1.060      0.647     0.170
       11 2012     0     7200      0.191      1.120      0.697     0.210
       12 2012     0     7440      0.151      1.172      0.718     0.230
        1 2013     0     7440      0.234      1.176      0.756     0.210
        2 2013     0     6720      0.221      1.018      0.707     0.182
        3 2013     0     7440      0.480      1.157      0.822     0.155
        4 2013     0     7200      0.427      1.206      0.822     0.172
        5 2013     0     7440      0.333      1.180      0.794     0.193
        6 2013     0     7200      0.202      1.134      0.734     0.200
        7 2013     0     7440      0.179      1.039      0.675     0.195
        8 2013     0     7440      0.279      1.004      0.681     0.172
        9 2013     0     7200      0.363      1.030      0.678     0.153
       10 2013     0     7440      0.332      1.047      0.658     0.157
       11 2013   686     6514      0.256      1.127      0.718     0.197
       12 2013     0     7440      0.269      1.176      0.754     0.222
        1 2014     0     7440      0.237      1.202      0.752     0.216
        2 2014     0     6720      0.363      1.079      0.768     0.169
        3 2014     0     7440      0.426      1.022      0.709     0.144
        4 2014     0     7200      0.374      1.157      0.748     0.156
        5 2014     0     7440      0.279      1.147      0.705     0.191
        6 2014     0     7200      0.200      1.094      0.672     0.201
        7 2014     0     7440      0.198      1.052      0.667     0.192
        8 2014     0     7440      0.239      0.991      0.696     0.161
        9 2014     0     7200      0.364      1.063      0.722     0.146
       10 2014     0     7440      0.331      1.083      0.704     0.160
       11 2014     0     7200      0.289      1.154      0.732     0.190
       12 2014     0     7440      0.303      1.205      0.774     0.209
        1 2015     0     7440      0.248      1.175      0.752     0.205
        2 2015     0     6720      0.319      1.085      0.752     0.175
        3 2015     0     7440      0.351      1.034      0.715     0.159
        4 2015     0     7200      0.324      1.057      0.673     0.147
        5 2015     0     7440      0.248      1.075      0.684     0.178
        6 2015     0     7200      0.217      1.042      0.651     0.199
        7 2015     0     7440      0.198      1.024      0.605     0.199
        8 2015     0     7440      0.195      0.919      0.588     0.168
        9 2015     0     7200      0.288      0.886      0.583     0.137
       10 2015     0     7440      0.291      1.007      0.615     0.158
       11 2015     0     7200      0.219      1.046      0.632     0.192
       12 2015     0     7440      0.173      1.025      0.616     0.212
        1 2016     0     7440      0.064      0.902      0.553     0.200
        2 2016     0     6960      0.154      0.863      0.554     0.172
        3 2016     0     7440      0.135      0.823      0.505     0.138
        4 2016     0     7200      0.213      0.851      0.510     0.149
        5 2016     0     7440      0.155      0.966      0.595     0.177
        6 2016     4     7196      0.156      1.012      0.635     0.194
        7 2016     0     7440      0.174      0.950      0.608     0.195
        8 2016     0     7440      0.206      0.951      0.631     0.171
        9 2016     1     7199      0.312      1.008      0.664     0.136
       10 2016    63     7377      0.397      1.124      0.701     0.149
       11 2016     1     7199      0.290      1.186      0.751     0.189
       12 2016     2     7438      0.244      1.189      0.728     0.217
        1 2017     0     7440      0.239      1.184      0.767     0.208
        2 2017     0     6720      0.351      1.133      0.797     0.174
        3 2017     0     7440      0.525      1.303      0.895     0.151
        4 2017     0     7200      0.528      1.261      0.896     0.163
        5 2017     0     7440      0.318      1.235      0.800     0.190
        6 2017     0     7200      0.212      1.093      0.695     0.201
        7 2017     1     7439      0.129      0.981      0.618     0.192
        8 2017     0     7440      0.212      0.918      0.621     0.172
        9 2017   286     6914      0.271      0.964      0.647     0.153
       10 2017  1037     6403      0.347      1.067      0.703     0.160
       11 2017  7200        0
       12 2017  7440        0
        1 2018  4904     2536      0.335      1.203      0.796     0.216
        2 2018   319     6401      0.338      1.220      0.777     0.187
        3 2018    84     7356      0.384      1.166      0.787     0.154
        4 2018     2     7198      0.495      1.206      0.813     0.157
        5 2018     3     7437      0.370      1.246      0.798     0.190
        6 2018     0     7200      0.254      1.201      0.756     0.207
        7 2018     1     7439      0.234      1.176      0.735     0.207
        8 2018     0     7440      0.270      1.095      0.724     0.177
        9 2018     0     7200      0.321      1.044      0.736     0.157
       10 2018     0     7440      0.376      1.197      0.748     0.170
       11 2018     0     7200      0.261      1.200      0.758     0.199
       12 2018     0     7440      0.238      1.237      0.773     0.218
        1 2019     0     7440      0.177      1.141      0.705     0.223
        2 2019     0     6720      0.247      1.095      0.710     0.196
        3 2019     0     7440      0.350      1.077      0.728     0.165
        4 2019     0     7200      0.387      1.065      0.707     0.162
        5 2019     0     7440      0.282      1.151      0.707     0.185
        6 2019     0     7200      0.235      1.125      0.673     0.209
        7 2019     0     7440      0.202      1.128      0.673     0.215
        8 2019     0     7440      0.223      1.034      0.691     0.190
        9 2019     0     7200      0.259      1.009      0.679     0.158
       10 2019     0     7440      0.351      1.106      0.709     0.169
       11 2019     0     7200      0.287      1.163      0.721     0.205
       12 2019     0     7440      0.190      1.208      0.720     0.226
        1 2020     0     7440      0.155      1.170      0.679     0.223
        2 2020     0     6960      0.198      1.061      0.646     0.196
        3 2020     0     7440      0.256      1.141      0.677     0.175
        4 2020  1901     5299      0.416      1.177      0.765     0.175
        5 2020  1999     5441      0.368      1.243      0.807     0.186
        6 2020   134     7066      0.268      1.251      0.775     0.217
        7 2020  2271     5169      0.228      1.161      0.754     0.236
        8 2020     0     7440      0.274      1.143      0.763     0.201
        9 2020     0     7200      0.359      1.098      0.758     0.165
       10 2020     0     7440      0.436      1.213      0.781     0.172
       11 2020     0     7200      0.320      1.240      0.781     0.210
       12 2020   161     7279      0.307      1.300      0.830     0.242
        1 2021    68     7372      0.393      1.318      0.911     0.236
        2 2021     0     6720      0.448      1.264      0.921     0.202
        3 2021  1106     6334      0.499      1.287      0.915     0.174
        4 2021     0     7200      0.435      1.332      0.904     0.185
        5 2021   164     7276      0.261      1.255      0.815     0.213
        6 2021     2     7198      0.211      1.205      0.780     0.224
        7 2021     0     7440      0.228      1.185      0.764     0.218
        8 2021     1     7439      0.259      1.090      0.748     0.198
        9 2021   657     6543      0.355      1.138      0.781     0.182
       10 2021  1661     5779      0.446      1.255      0.813     0.185
       11 2021  4040     3160      0.616      1.340      1.002     0.172
       12 2021  4103     3337      0.403      1.401      1.016     0.208
        1 2022   603     6837      0.279      1.353      0.872     0.242
        2 2022  1748     4972      0.343      1.309      0.918     0.218
        3 2022   336     7104      0.456      1.352      0.955     0.188
        4 2022    36     7164      0.602      1.377      0.967     0.184
        5 2022   210     7230      0.434      1.367      0.896     0.216
        6 2022     0     7200      0.316      1.282      0.841     0.235
        7 2022     0     7440      0.339      1.272      0.858     0.231
        8 2022    83     7357      0.325      1.226      0.861     0.204
        9 2022     0     7200      0.410      1.281      0.861     0.187
       10 2022   126     7314      0.499      1.324      0.896     0.200
       11 2022   381     6819      0.392      1.397      0.882     0.234
       12 2022   935     6505      0.354      1.407      0.974     0.236
        1 2023  1169     6271      0.390      1.398      0.983     0.234
        2 2023     4     6716      0.443      1.346      0.970     0.222
      Totals   76233  2436567

      Mean sea level =  0.707  (Average monthly means = 0.708)

      Maximum recorded level of  1.407 metres at 0424 hours 09/12/2022
      Minimum recorded level of -0.068 metres at 0136 hours 20/07/2001
      Standard deviation of the observations =  0.2264 metres 
      Skewness                               = -0.0563
