


      Monthly water temperatures for SOLOMON ISLANDS
      ----------------------------------------------

      Mth Year  Gaps     Good     Minimum    Maximum     Mean     St Devn
        7 1994   648       96     27.500     28.400     27.949     0.180
        8 1994     5      739     27.600     28.800     27.943     0.222
        9 1994    63      657     27.300     28.800     27.809     0.302
       10 1994    73      671     27.100     28.700     27.787     0.316
       11 1994     4      716     27.700     29.700     28.762     0.483
       12 1994    20      724     28.200     30.300     29.044     0.396
        1 1995     1      743     27.700     30.900     29.567     0.490
        2 1995     2      670     27.800     30.600     29.158     0.532
        3 1995     4      740     27.500     30.700     29.142     0.558
        4 1995     8      712     29.100     30.700     29.804     0.304
        5 1995    10      734     28.700     30.300     29.368     0.321
        6 1995     9      711     28.100     29.900     28.744     0.265
        7 1995     3      741     28.400     29.500     28.879     0.218
        8 1995     9      735     28.200     29.300     28.605     0.178
        9 1995    10      710     28.000     29.600     28.596     0.290
       10 1995     9      735     28.200     30.500     29.081     0.394
       11 1995    17      703     28.500     30.600     29.275     0.357
       12 1995    21      723     29.000     31.100     29.679     0.345
        1 1996     9      735     28.800     31.600     29.666     0.446
        2 1996     3      693     29.400     31.500     30.124     0.338
        3 1996     0      744     29.000     31.400     29.857     0.394
        4 1996     0      720     29.000     31.200     29.861     0.289
        5 1996     0      744     29.100     31.800     29.711     0.310
        6 1996     0      720     28.500     29.800     29.062     0.282
        7 1996     7      737     28.200     29.700     28.795     0.299
        8 1996     2      742     28.500     29.600     28.990     0.221
        9 1996     0      720     28.500     31.300     29.125     0.275
       10 1996     0      744     28.500     30.100     29.097     0.276
       11 1996     0      720     28.800     30.900     29.601     0.307
       12 1996     0      744     28.400     31.000     29.663     0.466
        1 1997     2      742     28.800     30.900     29.418     0.328
        2 1997     2      670     29.000     31.000     29.570     0.337
        3 1997    12      732     29.000     30.600     29.625     0.308
        4 1997     4      716     28.600     31.000     29.557     0.496
        5 1997     5      739     27.400     30.500     28.609     0.371
        6 1997     3      717     27.600     29.000     28.266     0.255
        7 1997   723       21     28.100     28.700     28.419     0.182
        8 1997   744        0
        9 1997   172      548     26.600     28.400     27.398     0.334
       10 1997    15      729     26.900     29.400     27.920     0.425
       11 1997     0      720     27.700     30.500     28.541     0.524
       12 1997     0      744     28.600     31.200     29.589     0.411
        1 1998     0      744     28.100     30.700     28.983     0.468
        2 1998     0      672     27.200     30.900     29.300     0.704
        3 1998     1      743     27.200     29.800     28.553     0.455
        4 1998     0      720     28.000     30.800     29.375     0.479
        5 1998     0      744     28.500     29.700     28.951     0.225
        6 1998     1      719     28.100     29.600     28.842     0.289
        7 1998     1      743     26.800     29.000     27.755     0.454
        8 1998     2      742     27.100     29.200     27.902     0.405
        9 1998     2      718     27.600     29.300     28.128     0.317
       10 1998     8      736     26.500     29.900     28.642     0.557
       11 1998     1      719     28.200     31.000     29.539     0.401
       12 1998    78      666     29.100     31.100     29.809     0.354
        1 1999     2      742     28.900     31.200     29.842     0.423
        2 1999     1      671     27.200     30.900     29.437     0.465
        3 1999     0      744     29.200     31.600     29.896     0.378
        4 1999     2      718     29.300     31.100     30.035     0.361
        5 1999     2      742     29.100     30.900     29.897     0.305
        6 1999    54      666     28.900     30.300     29.392     0.286
        7 1999     1      743     28.500     29.800     28.948     0.228
        8 1999     3      741     28.600     29.900     29.010     0.230
        9 1999     0      720     28.700     30.700     29.536     0.341
       10 1999     2      742     29.000     30.700     29.608     0.313
       11 1999     0      720     29.200     31.000     29.905     0.312
       12 1999     0      744     29.500     31.200     30.207     0.325
        1 2000     1      743     29.400     31.500     30.177     0.327
        2 2000     3      693     29.500     31.800     30.296     0.364
        3 2000     3      741     29.200     31.900     30.048     0.422
        4 2000     5      715     29.300     31.100     29.955     0.294
        5 2000    13      731     28.600     30.600     29.621     0.294
        6 2000     2      718     29.000     30.000     29.423     0.216
        7 2000     0      744     28.600     29.900     29.137     0.243
        8 2000     0      744     28.300     29.500     28.728     0.230
        9 2000     2      718     28.500     30.500     29.332     0.408
       10 2000     0      744     29.000     31.100     29.892     0.493
       11 2000     1      719     29.600     31.500     30.458     0.333
       12 2000     0      744     29.200     31.700     30.155     0.486
        1 2001     0      744     29.900     31.800     30.616     0.350
        2 2001     0      672     29.000     31.400     30.299     0.407
        3 2001     4      740     29.400     31.400     30.157     0.342
        4 2001     2      718     29.400     31.300     30.110     0.324
        5 2001     0      744     29.200     30.900     30.011     0.269
        6 2001     0      720     29.000     30.500     29.550     0.299
        7 2001     4      740     28.400     29.700     28.997     0.252
        8 2001     9      735     28.200     30.300     28.681     0.289
        9 2001    11      709     28.600     30.000     29.078     0.264
       10 2001     4      740     28.600     30.300     29.353     0.314
       11 2001     1      719     28.900     31.400     29.741     0.451
       12 2001     0      744     28.900     31.500     30.191     0.437
        1 2002    13      731     28.400     31.000     29.510     0.545
        2 2002     1      671     28.600     30.300     29.293     0.278
        3 2002     9      735     28.600     31.200     29.569     0.509
        4 2002    10      710     28.800     31.400     30.114     0.453
        5 2002    11      733     29.500     31.100     30.182     0.318
        6 2002     9      711     29.100     30.200     29.480     0.205
        7 2002     1      743     28.300     30.000     29.043     0.305
        8 2002     4      740     28.100     29.400     28.549     0.250
        9 2002    10      710     28.100     29.800     28.601     0.271
       10 2002     3      741     27.900     30.100     28.654     0.358
       11 2002     1      719     28.400     30.400     29.318     0.380
       12 2002     9      735     28.700     31.600     29.949     0.542
        1 2003     2      742     27.800     31.200     29.549     0.846
        2 2003     4      668     28.400     30.900     29.536     0.532
        3 2003     0      744     28.100     30.500     29.307     0.567
        4 2003     0      720     28.600     30.600     29.441     0.349
        5 2003     0      744     28.800     30.800     29.830     0.403
        6 2003     0      720     29.100     30.300     29.542     0.208
        7 2003     0      744     28.500     29.800     28.981     0.257
        8 2003     0      744     28.100     29.500     28.732     0.244
        9 2003     1      719     28.100     29.600     28.645     0.269
       10 2003     1      743     28.300     30.200     28.918     0.326
       11 2003     1      719     28.700     31.000     29.475     0.413
       12 2003     3      741     29.300     31.300     30.094     0.358
        1 2004     0      744     28.600     31.200     30.074     0.498
        2 2004     0      696     28.600     31.500     30.087     0.560
        3 2004     0      744     29.200     31.500     29.875     0.351
        4 2004     0      720     28.700     31.200     29.527     0.405
        5 2004     0      744     28.700     30.300     29.230     0.255
        6 2004     0      720     28.200     29.600     28.797     0.262
        7 2004     0      744     28.200     29.400     28.545     0.187
        8 2004     0      744     28.000     29.500     28.547     0.287
        9 2004     1      719     27.900     29.300     28.411     0.224
       10 2004     3      741     27.900     30.000     28.795     0.355
       11 2004     0      720     28.000     30.200     29.029     0.403
       12 2004     0      744     28.400     30.600     29.367     0.410
        1 2005     0      744     28.800     30.900     29.775     0.381
        2 2005     0      672     28.300     30.800     29.250     0.438
        3 2005     0      744     28.500     31.700     29.859     0.480
        4 2005     0      720     28.700     31.400     29.773     0.449
        5 2005     0      744     28.900     30.700     29.519     0.311
        6 2005     3      717     28.300     30.100     29.052     0.389
        7 2005     1      743     27.700     28.900     28.277     0.221
        8 2005     0      744     28.000     29.400     28.489     0.274
        9 2005     3      717     27.800     29.700     28.631     0.335
       10 2005     0      744     28.200     29.800     28.875     0.254
       11 2005     0      720     28.800     30.900     29.594     0.426
       12 2005     0      744     29.500     31.100     30.220     0.310
        1 2006     0      744     29.200     31.400     30.367     0.361
        2 2006     0      672     29.200     30.900     29.791     0.359
        3 2006     9      735     29.200     31.300     29.997     0.404
        4 2006    11      709     29.400     31.200     30.090     0.326
        5 2006     8      736     29.600     31.200     30.216     0.333
        6 2006     1      719     28.800     30.900     29.621     0.382
        7 2006     2      742     28.400     29.900     29.041     0.248
        8 2006     1      743     27.400     29.500     28.188     0.376
        9 2006     0      720     27.400     29.200     28.353     0.415
       10 2006     0      744     27.400     30.500     28.310     0.422
       11 2006     0      720     27.400     30.300     28.885     0.563
       12 2006     0      744     27.700     30.700     29.257     0.609
        1 2007     1      743     28.400     30.900     29.659     0.457
        2 2007     1      671     28.400     30.700     29.442     0.407
        3 2007     0      744     28.800     30.800     29.705     0.421
        4 2007     0      720     29.000     31.100     29.698     0.344
        5 2007     0      744     29.000     30.700     29.618     0.324
        6 2007     0      720     28.300     30.300     29.093     0.229
        7 2007     7      737     28.700     29.800     29.132     0.221
        8 2007     0      744     28.200     29.900     28.869     0.303
        9 2007     0      720     28.600     30.300     29.257     0.313
       10 2007     0      744     28.900     30.900     29.660     0.352
       11 2007     0      720     29.300     31.200     30.063     0.318
       12 2007     0      744     29.300     31.300     30.107     0.338
        1 2008     0      744     28.600     30.200     29.337     0.383
        2 2008     0      696     29.000     30.700     29.780     0.299
        3 2008     0      744     29.500     31.100     30.074     0.302
        4 2008     4      716     29.100     30.500     29.753     0.294
        5 2008     0      744     29.100     30.500     29.693     0.280
        6 2008     0      720     28.700     29.800     29.136     0.223
        7 2008     0      744     28.400     30.000     28.931     0.242
        8 2008     0      744     28.200     29.600     28.757     0.195
        9 2008     0      720     28.500     30.000     28.855     0.292
       10 2008     0      744     28.600     30.200     29.237     0.313
       11 2008     0      720     28.900     31.000     29.847     0.377
       12 2008     0      744     29.700     31.600     30.561     0.366
        1 2009     0      744     28.500     31.000     29.774     0.390
        2 2009     0      672     28.500     30.800     29.735     0.350
        3 2009     2      742     29.100     31.100     29.905     0.351
        4 2009     0      720     29.100     31.200     29.971     0.340
        5 2009     0      744     29.200     30.900     29.874     0.298
        6 2009     0      720     29.100     30.400     29.618     0.243
        7 2009     1      743     28.500     30.100     29.323     0.341
        8 2009     0      744     28.500     30.000     29.029     0.276
        9 2009     0      720     28.300     29.600     28.920     0.236
       10 2009     0      744     28.200     30.400     28.985     0.393
       11 2009     0      720     28.500     30.400     29.208     0.336
       12 2009     0      744     28.700     30.500     29.602     0.324
        1 2010     1      743     28.600     30.900     29.539     0.442
        2 2010     0      672     28.300     30.900     29.250     0.532
        3 2010     0      744     27.600     30.300     28.697     0.669
        4 2010     0      720     28.600     31.200     30.013     0.409
        5 2010     0      744     29.100     31.000     29.977     0.343
        6 2010     0      720     28.500     30.900     29.537     0.517
        7 2010     0      744     28.300     29.600     28.778     0.260
        8 2010    28      716     28.100     29.200     28.470     0.185
        9 2010     2      718     28.100     29.500     28.602     0.240
       10 2010     0      744     28.400     30.500     29.338     0.460
       11 2010     0      720     29.100     31.000     29.851     0.355
       12 2010     0      744     29.200     30.800     29.773     0.271
        1 2011     0      744     29.100     31.200     29.817     0.376
        2 2011     0      672     29.000     31.000     29.900     0.357
        3 2011     0      744     29.300     30.700     29.892     0.250
        4 2011     0      720     29.400     31.000     29.975     0.265
        5 2011     0      744     29.300     30.600     29.873     0.240
        6 2011     0      720     29.200     30.500     29.692     0.191
        7 2011     0      744     28.800     30.000     29.265     0.253
        8 2011     0      744     28.400     29.800     28.884     0.220
        9 2011     0      720     28.700     29.800     29.086     0.224
       10 2011     0      744     28.800     30.400     29.472     0.300
       11 2011    47      673     28.900     30.400     29.730     0.256
       12 2011   100      644     29.400     31.200     30.117     0.343
        1 2012     0      744     29.300     31.000     30.019     0.334
        2 2012     1      695     28.900     30.600     29.640     0.285
        3 2012     1      743     29.100     31.000     29.909     0.342
        4 2012     0      720     29.100     30.700     29.822     0.304
        5 2012     0      744     29.300     30.600     29.842     0.228
        6 2012     2      718     28.900     30.400     29.360     0.264
        7 2012   744        0
        8 2012   209      535     28.200     30.100     28.965     0.370
        9 2012     0      720     28.500     30.200     29.017     0.323
       10 2012   186      558     28.900     30.600     29.368     0.278
       11 2012   231      489     28.900     30.900     29.683     0.385
       12 2012   177      567     28.900     31.000     29.957     0.319
        1 2013     0      744     28.700     31.300     29.906     0.559
        2 2013     0      672     28.700     31.600     29.788     0.622
        3 2013     0      744     28.900     30.900     29.556     0.420
        4 2013     0      720     29.300     31.700     30.189     0.347
        5 2013     0      744     29.500     31.200     30.082     0.307
        6 2013     0      720     29.000     30.700     29.556     0.290
        7 2013     0      744     28.500     30.400     29.123     0.338
        8 2013     0      744     28.300     29.800     28.965     0.242
        9 2013     0      720     28.100     29.500     28.611     0.228
       10 2013     0      744     28.100     30.500     28.810     0.430
       11 2013    77      643     28.800     31.400     29.887     0.456
       12 2013     0      744     29.400     31.700     30.353     0.392
        1 2014     0      744     28.900     31.400     29.886     0.506
        2 2014    45      627     28.900     30.500     29.570     0.344
        3 2014     0      744     28.500     30.500     29.330     0.397
        4 2014    47      673     26.500     30.000     29.191     0.458
        5 2014     0      744     28.200     30.200     29.149     0.398
        6 2014   208      512     28.200     29.300     28.691     0.210
        7 2014     0      744     28.300     29.500     28.726     0.265
        8 2014     0      744     27.900     29.200     28.441     0.195
        9 2014     0      720     28.400     29.900     29.075     0.307
       10 2014     0      744     28.500     30.100     29.223     0.344
       11 2014    74      646     29.000     30.900     29.622     0.301
       12 2014   366      378     29.300     30.900     30.080     0.349
        1 2015   101      643     29.200     31.400     29.991     0.487
        2 2015     0      672     29.000     31.500     29.772     0.459
        3 2015     0      744     28.400     30.800     29.426     0.518
        4 2015    46      674     28.500     30.700     29.586     0.392
        5 2015     0      744     28.500     30.300     29.271     0.446
        6 2015     0      720     28.200     29.500     28.702     0.195
        7 2015     0      744     27.700     29.300     28.519     0.343
        8 2015     0      744     28.000     29.400     28.525     0.253
        9 2015     0      720     27.700     29.500     28.292     0.304
       10 2015     0      744     27.700     29.800     28.652     0.363
       11 2015     0      720     28.200     30.500     29.247     0.495
       12 2015     0      744     28.000     31.400     29.949     0.589
        1 2016     0      744     28.700     31.300     30.112     0.528
        2 2016     0      696     28.100     31.000     29.284     0.649
        3 2016     0      744     27.700     31.400     29.294     0.702
        4 2016     0      720     27.700     30.800     29.230     0.699
        5 2016     0      744     28.900     30.600     29.598     0.315
        6 2016     4      716     28.500     29.700     28.987     0.222
        7 2016    93      651     28.100     29.100     28.529     0.243
        8 2016     0      744     28.100     29.400     28.604     0.231
        9 2016     0      720     28.100     29.900     28.719     0.383
       10 2016     7      737     28.800     30.300     29.482     0.284
       11 2016   229      491     29.300     31.000     29.970     0.300
       12 2016     0      744     29.400     31.000     30.044     0.248
        1 2017     0      744     29.600     31.400     30.364     0.355
        2 2017     0      672     29.700     31.300     30.263     0.339
        3 2017     0      744     29.700     31.500     30.493     0.310
        4 2017     0      720     29.700     31.600     30.406     0.330
        5 2017     0      744     29.600     31.400     30.227     0.294
        6 2017     0      720     28.700     30.400     29.471     0.334
        7 2017     0      744     28.100     30.000     28.648     0.323
        8 2017     0      744     28.000     29.300     28.486     0.244
        9 2017   479      241     28.200     29.500     28.712     0.255
       10 2017     0      744     28.200     30.500     29.145     0.501
       11 2017     0      720     29.100     31.300     30.302     0.399
       12 2017   447      297     29.600     31.100     30.171     0.317
        1 2018   490      254     29.400     31.500     30.287     0.504
        2 2018    32      640     29.100     31.100     29.871     0.421
        3 2018     8      736     29.200     30.900     29.921     0.305
        4 2018     0      720     29.100     30.600     29.670     0.256
        5 2018     0      744     29.200     30.500     29.699     0.239
        6 2018   259      461     29.100     30.400     29.525     0.247
        7 2018   264      480     28.600     29.500     28.893     0.183
        8 2018     0      744     28.200     29.600     28.789     0.267
        9 2018     0      720     28.600     30.600     29.323     0.309
       10 2018   206      538     28.900     30.700     29.555     0.289
       11 2018   366      354     29.300     31.000     29.875     0.357
       12 2018     0      744     28.800     31.400     30.146     0.445
        1 2019     0      744     28.500     31.700     29.944     0.580
        2 2019     0      672     28.300     30.500     29.054     0.492
        3 2019     0      744     29.000     31.200     30.038     0.430
        4 2019     0      720     29.400     31.200     30.092     0.371
        5 2019     0      744     29.100     30.900     29.718     0.315
        6 2019    19      701     28.900     30.200     29.326     0.214
        7 2019    28      716     28.700     29.800     29.195     0.203
        8 2019     2      742     28.700     29.900     29.022     0.240
        9 2019     0      720     28.500     29.900     29.101     0.238
       10 2019     1      743     28.400     30.200     29.319     0.366
       11 2019    69      651     28.800     30.800     29.759     0.384
       12 2019     0      744     29.300     31.000     30.037     0.310
        1 2020     0      744     28.900     31.700     30.199     0.555
        2 2020    58      638     28.600     30.900     29.381     0.571
        3 2020     0      744     28.500     31.600     29.957     0.660
        4 2020   205      515     29.200     31.300     29.977     0.340
        5 2020   234      510     29.700     31.000     30.184     0.250
        6 2020    48      672     29.400     30.900     29.920     0.246
        7 2020   234      510     29.000     30.500     29.545     0.259
        8 2020    12      732     29.100     30.300     29.553     0.242
        9 2020     0      720     28.500     30.100     29.282     0.317
       10 2020     2      742     28.600     30.600     29.607     0.375
       11 2020    21      699     29.300     31.800     30.180     0.374
       12 2020    28      716     29.800     31.800     30.565     0.365
        1 2021     8      736     29.600     31.800     30.784     0.411
        2 2021     0      672     29.100     31.100     29.749     0.326
        3 2021   110      634     29.300     31.000     30.083     0.363
        4 2021     0      720     29.500     31.100     30.242     0.291
        5 2021    18      726     29.600     30.900     30.145     0.256
        6 2021    31      689     29.200     30.500     29.690     0.237
        7 2021     0      744     29.000     30.100     29.383     0.185
        8 2021     0      744     28.900     30.500     29.344     0.314
        9 2021   195      525     28.800     29.900     29.256     0.233
       10 2021   167      577     28.900     31.000     29.885     0.450
       11 2021   414      306     29.600     31.600     30.231     0.321
       12 2021   411      333     29.700     31.400     30.229     0.299
        1 2022   171      573     29.300     31.100     29.984     0.293
        2 2022   175      497     29.600     31.100     30.053     0.262
        3 2022    28      716     29.700     31.300     30.453     0.352
        4 2022     2      718     29.300     31.200     30.370     0.281
        5 2022    20      724     29.900     31.200     30.456     0.233
        6 2022     0      720     29.400     30.700     29.992     0.256
        7 2022    64      680     29.200     30.300     29.594     0.216
        8 2022     8      736     29.200     30.500     29.664     0.220
        9 2022     0      720     29.000     30.300     29.539     0.249
       10 2022    12      732     29.300     31.100     30.115     0.317
       11 2022    39      681     29.200     31.600     30.396     0.453
       12 2022    95      649     29.800     31.600     30.590     0.344
        1 2023   275      469     29.900     31.800     30.420     0.280
        2 2023   557      115     30.000     31.400     30.620     0.310
      Totals   12335   238945

      Mean water temperature = 29.447  (Average monthly means =29.452)

      Maximum recorded temperature of 31.900 deg C at 0900 hours 01/03/2000
      Minimum recorded temperature of 26.500 deg C at 0700 hours 08/10/1998
      Standard deviation of the observations =  0.7042 deg C  
      Skewness                               = -0.1902
