


      Monthly air temperatures for MARSHALL ISLANDS
      ---------------------------------------------

      Mth Year  Gaps     Good     Minimum    Maximum     Mean     St Devn
        5 1993   336      408     23.100     29.700     27.443     1.224
        6 1993    24      696     23.500     30.000     27.744     1.084
        7 1993    74      670     23.200     30.600     27.574     1.158
        8 1993   236      508     23.800     30.300     28.054     1.005
        9 1993     0      720     23.300     31.100     28.246     1.071
       10 1993     0      744     22.100     30.900     27.974     1.287
       11 1993     0      720     23.100     30.300     27.858     1.174
       12 1993     0      744     22.000     31.900     27.775     1.210
        1 1994     0      744     23.000     31.200     27.594     0.952
        2 1994     0      672     23.700     29.700     27.582     0.819
        3 1994     0      744     23.400     30.600     27.596     0.978
        4 1994     0      720     23.600     29.600     27.591     0.960
        5 1994     5      739     23.400     29.700     27.485     1.010
        6 1994     5      715     24.400     29.800     27.812     0.902
        7 1994     4      740     23.400     30.400     27.886     1.109
        8 1994     0      744     24.000     30.900     28.264     1.150
        9 1994   121      599     24.000     31.900     28.239     1.315
       10 1994   744        0
       11 1994   720        0
       12 1994   744        0
        1 1995   744        0
        2 1995   672        0
        3 1995   189      555     24.500     29.400     27.749     0.786
        4 1995    73      647     22.200     29.600     27.134     1.317
        5 1995    11      733     24.300     29.600     27.726     0.967
        6 1995     7      713     23.800     29.700     27.577     1.086
        7 1995   113      631     22.600     29.500     27.403     1.090
        8 1995    18      726     24.000     30.400     27.770     1.192
        9 1995    13      707     23.900     30.000     27.919     1.094
       10 1995     7      737     22.400     30.200     27.973     1.197
       11 1995    12      708     23.000     30.000     27.365     1.230
       12 1995    18      726     24.200     29.700     27.679     0.973
        1 1996    15      729     23.000     29.700     27.558     1.106
        2 1996     1      695     24.200     29.300     27.358     1.118
        3 1996     7      737     22.900     29.400     27.686     1.025
        4 1996     7      713     23.600     29.400     27.240     1.078
        5 1996     1      743     24.200     29.400     27.712     0.852
        6 1996     1      719     23.600     29.600     27.312     1.084
        7 1996     5      739     24.700     29.700     27.776     0.868
        8 1996     4      740     23.600     31.800     28.028     1.000
        9 1996     1      719     23.800     30.200     27.926     1.229
       10 1996     7      737     24.200     30.200     28.090     0.990
       11 1996     0      720     24.200     30.200     28.026     1.068
       12 1996     0      744     24.100     30.000     27.955     1.102
        1 1997    42      702     24.400     29.700     28.003     0.821
        2 1997     1      671     24.700     29.800     27.939     0.918
        3 1997    27      717     23.400     30.200     28.240     0.910
        4 1997     7      713     24.500     29.900     27.716     1.117
        5 1997     6      738     24.300     29.800     27.496     1.073
        6 1997     0      720     23.800     30.000     27.728     0.994
        7 1997    13      731     24.100     30.300     27.993     1.013
        8 1997     8      736     23.300     29.800     26.800     1.155
        9 1997   399      321     22.900     28.600     26.561     1.145
       10 1997   744        0
       11 1997     0      720     23.100     29.200     27.183     1.060
       12 1997     0      744     24.000     30.700     27.076     0.765
        1 1998     1      743     23.700     28.600     26.692     0.732
        2 1998     0      672     23.400     28.900     27.157     0.765
        3 1998     6      738     24.600     29.400     27.619     0.738
        4 1998     2      718     25.200     29.500     27.705     0.812
        5 1998     0      744     22.000     29.600     26.548     1.285
        6 1998     2      718     23.000     29.500     27.150     1.255
        7 1998     4      740     23.300     29.900     27.094     1.150
        8 1998     3      741     24.300     29.600     27.514     1.072
        9 1998     1      719     24.300     30.000     28.002     1.044
       10 1998     0      744     23.300     30.400     27.815     1.115
       11 1998     0      720     23.800     29.700     27.490     1.028
       12 1998     0      744     24.300     29.400     27.427     0.989
        1 1999     2      742     24.700     28.900     27.527     0.701
        2 1999     0      672     23.100     29.100     27.438     0.894
        3 1999     2      742     23.500     28.900     27.251     0.857
        4 1999     1      719     24.000     29.600     27.359     0.754
        5 1999     7      737     24.100     29.300     27.656     0.852
        6 1999    11      709     22.700     29.100     26.591     1.159
        7 1999    13      731     22.300     28.100     26.139     1.029
        8 1999   642      102     22.500     27.300     26.043     0.866
        9 1999   720        0
       10 1999   744        0
       11 1999   720        0
       12 1999    48      696     24.700     29.100     27.342     0.819
        1 2000   537      207     22.900     28.700     26.975     1.205
        2 2000   696        0
        3 2000   360      384     23.700     29.100     27.360     0.909
        4 2000     7      713     23.800     28.900     27.345     0.899
        5 2000     2      742     24.400     28.800     27.447     0.724
        6 2000     3      717     22.700     29.200     27.468     0.909
        7 2000    13      731     23.800     29.400     27.041     1.095
        8 2000     0      744     23.500     29.600     27.545     1.063
        9 2000     0      720     23.800     29.400     27.553     0.912
       10 2000     0      744     23.100     29.900     27.612     1.036
       11 2000     2      718     24.000     29.800     27.684     1.058
       12 2000     5      739     23.500     29.100     27.143     0.918
        1 2001     0      744     23.700     28.300     26.753     0.826
        2 2001     0      672     22.700     28.100     26.715     0.878
        3 2001     0      744     22.100     28.400     26.836     0.814
        4 2001    95      625     25.000     29.600     27.965     0.764
        5 2001    27      717     24.500     29.400     27.746     0.884
        6 2001     1      719     23.800     29.800     27.481     0.949
        7 2001     0      744     22.900     29.700     27.663     0.984
        8 2001     0      744     23.700     29.900     27.753     1.040
        9 2001   626       94     25.900     29.600     28.137     0.885
       10 2001   400      344     22.800     28.800     26.949     0.933
       11 2001     6      714     23.400     28.400     26.148     0.974
       12 2001    50      694     24.100     29.900     28.048     0.968
        1 2002     0      744     23.300     29.600     27.710     0.879
        2 2002     0      672     24.300     29.500     27.767     0.770
        3 2002     1      743     24.100     29.900     27.769     0.927
        4 2002     0      720     23.300     29.900     27.985     0.920
        5 2002     1      743     24.600     30.200     28.053     1.030
        6 2002     0      720     23.800     30.300     28.072     1.151
        7 2002     0      744     24.200     30.100     28.051     1.080
        8 2002     0      744     24.400     30.300     27.749     1.113
        9 2002   333      387     24.000     30.000     27.759     0.964
       10 2002   744        0
       11 2002   720        0
       12 2002   744        0
        1 2003   744        0
        2 2003   672        0
        3 2003   744        0
        4 2003   720        0
        5 2003   744        0
        6 2003   720        0
        7 2003   744        0
        8 2003   744        0
        9 2003   720        0
       10 2003   744        0
       11 2003   720        0
       12 2003   744        0
        1 2004   744        0
        2 2004   696        0
        3 2004   744        0
        4 2004   720        0
        5 2004   744        0
        6 2004   720        0
        7 2004   744        0
        8 2004   744        0
        9 2004   720        0
       10 2004   744        0
       11 2004   720        0
       12 2004   744        0
        1 2005   744        0
        2 2005   672        0
        3 2005   744        0
        4 2005   720        0
        5 2005   744        0
        6 2005   720        0
        7 2005   744        0
        8 2005   744        0
        9 2005   720        0
       10 2005   744        0
       11 2005   720        0
       12 2005   744        0
        1 2006   744        0
        2 2006   672        0
        3 2006   744        0
        4 2006   720        0
        5 2006   744        0
        6 2006   720        0
        7 2006   744        0
        8 2006   744        0
        9 2006   720        0
       10 2006   744        0
       11 2006     1      719     23.600     30.800     28.422     1.046
       12 2006     0      744     23.400     30.400     28.017     1.082
        1 2007     0      744     23.200     30.200     27.686     1.240
        2 2007     1      671     22.900     30.500     27.723     1.289
        3 2007    59      685     22.300     30.000     27.774     1.234
        4 2007    28      692     23.300     30.500     28.199     1.233
        5 2007     7      737     25.300     30.700     28.629     1.053
        6 2007     0      720     24.900     30.800     28.893     0.860
        7 2007     0      744     24.400     30.500     28.480     0.945
        8 2007     1      743     23.900     30.400     28.457     0.900
        9 2007     0      720     24.000     30.400     28.277     1.087
       10 2007     5      739     22.900     30.300     27.786     1.269
       11 2007     0      720     22.700     29.900     27.756     1.215
       12 2007     0      744     23.900     30.000     27.629     1.272
        1 2008     0      744     23.300     30.000     27.676     1.191
        2 2008     0      696     20.900     30.100     27.455     1.612
        3 2008     2      742     23.900     29.700     27.663     1.284
        4 2008     1      719     23.400     30.600     28.096     1.311
        5 2008     5      739     24.800     31.300     28.735     1.092
        6 2008    19      701     23.100     31.300     28.724     1.136
        7 2008     0      744     24.300     31.300     29.043     1.150
        8 2008     5      739     24.700     31.100     28.414     1.208
        9 2008    57      663     24.500     31.000     28.747     0.981
       10 2008    45      699     24.900     32.100     29.061     1.134
       11 2008   148      572     24.800     31.500     29.290     1.162
       12 2008   744        0
        1 2009   744        0
        2 2009   672        0
        3 2009   744        0
        4 2009   720        0
        5 2009   744        0
        6 2009   169      551     23.700     30.700     28.752     0.994
        7 2009   744        0
        8 2009   310      434     23.600     30.800     28.691     0.934
        9 2009   289      431     23.900     31.600     28.755     1.238
       10 2009   307      437     23.400     31.000     28.664     1.157
       11 2009   720        0
       12 2009   160      584     21.800     30.300     27.951     1.287
        1 2010   744        0
        2 2010   672        0
        3 2010   744        0
        4 2010   720        0
        5 2010   744        0
        6 2010     3      717     22.800     30.400     28.059     1.371
        7 2010     0      744     22.400     30.100     27.680     1.199
        8 2010     0      744     22.400     32.600     27.726     1.227
        9 2010     0      720     22.200     29.800     27.405     1.159
       10 2010     0      744     22.700     29.600     27.487     1.217
       11 2010     5      715     23.100     29.900     27.260     1.164
       12 2010     0      744     22.600     29.600     27.523     1.098
        1 2011     0      744     20.000     29.500     27.370     1.386
        2 2011     0      672     22.600     29.400     27.155     1.377
        3 2011     0      744     22.200     29.600     27.365     1.236
        4 2011     0      720     21.900     30.000     27.996     1.196
        5 2011     0      744     22.200     30.000     27.556     1.271
        6 2011     0      720     22.600     29.900     27.920     1.178
        7 2011     1      743     23.800     30.000     27.574     1.218
        8 2011     0      744     22.800     29.900     27.680     1.140
        9 2011     0      720     23.200     30.100     27.869     1.189
       10 2011     0      744     21.800     30.200     27.633     1.135
       11 2011     0      720     23.600     30.000     27.541     1.266
       12 2011   154      590     21.500     29.700     27.608     1.195
        1 2012    65      679     25.000     29.600     27.608     1.044
        2 2012     8      688     17.500     29.600     26.422     2.141
        3 2012     8      736     19.900     30.000     26.986     1.927
        4 2012     0      720     22.200     30.400     28.023     1.227
        5 2012     0      744     21.900     30.800     28.561     1.109
        6 2012     1      719     22.700     30.800     28.416     1.228
        7 2012   410      334     25.100     30.600     28.592     0.857
        8 2012   744        0
        9 2012   720        0
       10 2012   744        0
       11 2012   720        0
       12 2012   240      504     24.200     31.700     28.295     1.139
        1 2013     0      744     24.900     30.800     28.289     0.938
        2 2013     0      672     24.700     30.600     27.913     1.072
        3 2013     0      744     23.600     31.300     27.864     1.084
        4 2013     0      720     24.500     31.000     27.912     1.126
        5 2013     0      744     24.100     30.900     28.218     1.114
        6 2013     0      720     24.000     31.000     28.026     1.177
        7 2013     0      744     23.700     31.200     28.154     1.134
        8 2013     0      744     24.100     32.500     28.312     1.319
        9 2013     0      720     24.300     32.000     28.316     1.326
       10 2013     0      744     24.000     32.700     28.711     1.353
       11 2013     1      719     24.200     32.000     28.021     1.391
       12 2013     0      744     25.000     31.500     28.448     1.027
        1 2014     0      744     24.600     30.700     28.151     1.074
        2 2014     0      672     24.200     31.000     27.919     1.216
        3 2014     0      744     24.400     31.500     28.393     1.172
        4 2014     0      720     23.600     31.200     27.582     1.242
        5 2014     0      744     24.800     31.300     28.556     1.231
        6 2014     0      720     24.600     31.800     28.385     1.247
        7 2014     0      744     24.300     32.500     28.080     1.478
        8 2014     0      744     23.900     33.200     28.806     1.406
        9 2014     0      720     24.000     32.300     28.681     1.540
       10 2014     0      744     24.700     33.300     28.630     1.340
       11 2014     0      720     24.300     31.700     28.600     1.346
       12 2014     0      744     24.500     31.200     28.508     1.055
        1 2015     0      744     24.700     31.300     28.079     1.128
        2 2015     0      672     24.500     31.500     28.335     1.040
        3 2015     1      743     23.800     31.000     27.965     1.281
        4 2015     0      720     23.000     31.600     28.077     1.281
        5 2015     4      740     24.300     31.900     28.231     1.284
        6 2015     0      720     24.600     31.500     28.494     1.261
        7 2015     0      744     24.500     32.900     28.493     1.268
        8 2015     0      744     23.900     33.100     28.549     1.299
        9 2015     0      720     23.800     33.500     28.753     1.331
       10 2015     0      744     24.400     31.900     28.395     1.318
       11 2015     0      720     24.900     32.600     28.776     1.272
       12 2015     0      744     24.800     31.700     28.537     1.067
        1 2016     0      744     25.500     30.800     28.231     0.886
        2 2016     0      696     25.200     30.600     28.051     0.997
        3 2016     0      744     25.100     31.200     28.431     1.059
        4 2016     0      720     25.200     32.100     28.551     1.017
        5 2016     0      744     24.400     31.900     28.452     1.296
        6 2016     0      720     25.200     31.900     28.788     1.181
        7 2016     0      744     24.100     32.400     28.615     1.393
        8 2016     0      744     24.900     32.300     28.817     1.276
        9 2016     0      720     24.500     32.200     28.806     1.389
       10 2016     1      743     24.000     32.900     28.538     1.413
       11 2016     1      719     23.800     32.500     28.466     1.344
       12 2016     0      744     23.400     31.500     28.070     1.327
        1 2017     0      744     24.000     30.600     28.088     1.162
        2 2017     0      672     24.500     31.300     28.176     1.232
        3 2017     0      744     23.900     31.500     28.510     1.420
        4 2017     0      720     24.100     31.200     28.355     1.166
        5 2017     0      744     25.400     31.700     28.768     1.192
        6 2017     0      720     24.200     32.100     28.372     1.317
        7 2017     0      744     23.900     32.200     28.429     1.319
        8 2017     0      744     22.900     32.800     28.705     1.439
        9 2017     0      720     23.100     33.500     28.590     1.503
       10 2017     1      743     24.600     32.100     28.696     1.456
       11 2017     9      711     24.500     32.200     28.752     1.294
       12 2017     0      744     24.600     31.500     28.293     1.160
        1 2018     0      744     23.600     30.800     27.888     1.204
        2 2018     0      672     23.600     30.800     28.030     1.120
        3 2018     0      744     23.200     30.800     27.557     1.362
        4 2018     1      719     22.900     31.700     28.042     1.432
        5 2018     0      744     23.900     32.000     28.332     1.381
        6 2018     0      720     24.200     32.100     28.428     1.351
        7 2018     0      744     24.400     32.600     28.269     1.451
        8 2018     0      744     23.500     33.100     28.824     1.455
        9 2018     0      720     24.500     32.700     28.889     1.424
       10 2018     0      744     24.800     33.000     29.070     1.319
       11 2018     0      720     24.600     32.800     28.965     1.358
       12 2018     0      744     24.300     32.000     28.566     1.229
        1 2019     0      744     24.400     31.100     28.397     1.054
        2 2019     0      672     23.100     31.000     27.990     1.216
        3 2019     5      739     24.100     31.100     27.921     1.115
        4 2019     0      720     24.700     31.200     28.295     1.144
        5 2019     0      744     24.500     32.200     28.371     1.304
        6 2019     0      720     24.000     32.000     28.574     1.294
        7 2019     0      744     25.000     32.900     29.030     1.382
        8 2019     0      744     24.700     32.600     28.700     1.471
        9 2019     0      720     23.600     33.600     29.220     1.527
       10 2019     0      744     23.800     33.400     29.128     1.604
       11 2019     0      720     24.600     32.700     28.729     1.480
       12 2019     0      744     24.300     32.600     28.699     1.326
        1 2020     0      744     25.200     32.400     28.828     1.204
        2 2020    35      661     24.400     32.500     28.634     1.322
        3 2020     1      743     24.700     31.800     28.539     1.314
        4 2020     1      719     24.200     32.100     28.248     1.373
        5 2020     0      744     24.300     31.900     28.125     1.391
        6 2020     0      720     24.100     32.300     28.447     1.477
        7 2020     0      744     24.200     32.200     28.282     1.460
        8 2020     1      743     23.800     33.200     28.725     1.436
        9 2020     0      720     24.000     33.000     28.645     1.423
       10 2020     0      744     23.900     32.300     28.068     1.448
       11 2020     0      720     23.300     32.100     28.271     1.381
       12 2020     0      744     23.500     31.500     27.877     1.451
        1 2021     0      744     24.300     31.900     27.931     1.285
        2 2021     0      672     23.800     31.100     28.140     1.265
        3 2021    78      666     23.200     31.400     27.438     1.459
        4 2021   720        0
        5 2021   744        0
        6 2021   433      287     23.700     31.700     27.996     1.438
        7 2021   243      501     24.200     32.000     28.463     1.419
        8 2021   744        0
        9 2021   720        0
       10 2021   744        0
       11 2021   720        0
       12 2021   744        0
        1 2022   416      328     24.700     32.200     28.319     1.352
        2 2022   260      412     24.100     31.200     27.966     1.339
        3 2022   744        0
        4 2022   720        0
        5 2022   443      301     24.300     32.000     28.024     1.291
        6 2022    51      669     24.200     31.800     28.084     1.339
        7 2022   744        0
        8 2022   744        0
        9 2022   720        0
       10 2022   744        0
       11 2022   720        0
       12 2022   744        0
        1 2023   744        0
        2 2023   512      160     24.600     31.700     27.826     1.375
      Totals   77244   184260

      Mean air temperature = 27.983  (Average monthly means =27.972)

      Maximum recorded temperature of 33.600 deg C at 0200 hours 10/09/2019
      Minimum recorded temperature of 17.500 deg C at 1900 hours 05/02/2012
      Standard deviation of the observations =  1.3115 deg C  
      Skewness                               = -0.2427
