


      Monthly sea levels for MARSHALL ISLANDS
      ---------------------------------------

      Mth Year  Gaps     Good     Minimum    Maximum     Mean     St Devn
        5 1993  3360     4080      0.162      1.819      0.966     0.394
        6 1993   240     6960      0.232      1.921      1.025     0.411
        7 1993   401     7039      0.099      2.012      1.016     0.429
        8 1993  2261     5179      0.157      1.872      0.976     0.382
        9 1993     0     7200     -0.069      2.019      0.986     0.446
       10 1993     0     7440      0.050      2.149      1.057     0.447
       11 1993     0     7200      0.100      2.066      1.015     0.437
       12 1993     0     7440      0.048      1.999      0.973     0.436
        1 1994     0     7440      0.118      2.150      1.036     0.452
        2 1994     0     6720     -0.004      2.123      1.056     0.463
        3 1994     0     7440     -0.013      2.175      1.069     0.471
        4 1994     0     7200      0.040      2.072      1.056     0.446
        5 1994     0     7440      0.078      1.985      0.988     0.418
        6 1994     0     7200      0.096      1.923      0.943     0.408
        7 1994     0     7440      0.077      1.946      0.946     0.425
        8 1994     0     7440      0.048      1.898      0.948     0.435
        9 1994     0     7200      0.003      2.018      0.970     0.452
       10 1994     0     7440     -0.065      2.103      1.012     0.473
       11 1994     0     7200     -0.040      2.094      0.939     0.448
       12 1994     0     7440     -0.020      2.058      0.897     0.435
        1 1995     0     7440     -0.124      2.056      0.958     0.472
        2 1995     0     6720      0.076      2.096      1.051     0.462
        3 1995   840     6600      0.073      2.063      1.066     0.477
        4 1995   480     6720      0.106      2.145      1.109     0.442
        5 1995     0     7440      0.136      2.052      1.038     0.422
        6 1995     0     7200      0.019      1.985      0.954     0.418
        7 1995   960     6480      0.028      2.025      0.967     0.471
        8 1995     0     7440      0.018      2.067      1.021     0.461
        9 1995     0     7200      0.040      2.081      1.055     0.471
       10 1995     0     7440      0.056      2.096      1.054     0.456
       11 1995     0     7200      0.153      2.191      1.096     0.445
       12 1995     0     7440     -0.043      2.054      0.966     0.433
        1 1996     0     7440      0.045      2.195      1.037     0.450
        2 1996     0     6960      0.099      2.173      1.094     0.460
        3 1996     0     7440      0.054      2.013      1.029     0.463
        4 1996     0     7200      0.077      2.019      1.052     0.451
        5 1996    10     7430      0.155      2.057      1.049     0.432
        6 1996    10     7190      0.063      2.005      1.003     0.420
        7 1996    50     7390      0.025      2.091      0.996     0.453
        8 1996    30     7410      0.057      2.155      1.035     0.468
        9 1996     0     7200      0.187      2.170      1.139     0.465
       10 1996     0     7440      0.202      2.168      1.136     0.449
       11 1996     0     7200      0.242      2.172      1.134     0.446
       12 1996     0     7440      0.155      2.103      1.073     0.439
        1 1997     0     7440      0.100      2.172      1.026     0.444
        2 1997     0     6720      0.024      2.194      1.098     0.474
        3 1997     0     7440      0.092      2.262      1.139     0.463
        4 1997     0     7200      0.092      2.139      1.049     0.459
        5 1997     0     7440      0.075      1.978      0.974     0.444
        6 1997     0     7200      0.037      1.840      0.900     0.425
        7 1997     0     7440     -0.040      1.948      0.873     0.432
        8 1997   763     6677     -0.170      1.958      0.856     0.454
        9 1997  3140     4060     -0.206      1.937      0.836     0.495
       10 1997     0     7440     -0.219      1.891      0.834     0.465
       11 1997     0     7200     -0.155      1.762      0.740     0.441
       12 1997     0     7440     -0.238      1.748      0.716     0.442
        1 1998     0     7440     -0.176      1.935      0.788     0.463
        2 1998     0     6720      0.015      2.182      0.994     0.455
        3 1998     0     7440      0.053      2.118      1.071     0.471
        4 1998     0     7200      0.080      2.109      1.071     0.451
        5 1998     0     7440      0.169      2.073      1.056     0.437
        6 1998     0     7200      0.338      2.058      1.127     0.415
        7 1998     0     7440      0.286      2.023      1.086     0.405
        8 1998     0     7440      0.217      2.103      1.091     0.420
        9 1998     0     7200      0.118      2.176      1.113     0.445
       10 1998     0     7440      0.112      2.216      1.123     0.449
       11 1998     0     7200      0.103      2.149      1.076     0.451
       12 1998     0     7440      0.135      2.190      1.069     0.453
        1 1999     0     7440      0.167      2.059      1.033     0.442
        2 1999     0     6720      0.115      2.046      1.050     0.441
        3 1999     0     7440      0.087      2.076      1.058     0.468
        4 1999     0     7200      0.038      2.088      1.049     0.451
        5 1999     0     7440      0.080      2.068      1.024     0.432
        6 1999     0     7200      0.156      2.057      1.025     0.412
        7 1999     0     7440      0.085      1.983      0.977     0.421
        8 1999  6412     1028      0.114      1.884      0.953     0.541
        9 1999  1665     5535      0.106      2.077      1.016     0.490
       10 1999     0     7440      0.021      2.018      1.036     0.444
       11 1999     0     7200      0.109      2.180      1.083     0.446
       12 1999   273     7167      0.083      2.152      1.029     0.437
        1 2000  5315     2125      0.324      1.854      1.075     0.369
        2 2000     5     6955     -0.008      1.999      0.968     0.459
        3 2000     0     7440      0.165      2.101      1.112     0.453
        4 2000     0     7200      0.114      2.044      1.107     0.460
        5 2000     0     7440      0.251      2.184      1.106     0.449
        6 2000     0     7200      0.164      2.109      1.057     0.423
        7 2000     0     7440      0.072      2.102      1.045     0.434
        8 2000     0     7440      0.077      2.040      1.026     0.445
        9 2000     0     7200      0.107      1.991      1.002     0.445
       10 2000     0     7440      0.277      2.147      1.172     0.449
       11 2000     0     7200      0.240      2.142      1.175     0.439
       12 2000     0     7440      0.149      2.181      1.123     0.437
        1 2001     0     7440      0.117      2.112      1.032     0.436
        2 2001     0     6720      0.183      2.334      1.152     0.457
        3 2001     0     7440      0.109      2.192      1.111     0.455
        4 2001     0     7200      0.083      2.101      1.089     0.451
        5 2001     0     7440      0.191      2.022      1.071     0.420
        6 2001     0     7200      0.190      1.976      1.026     0.412
        7 2001     0     7440      0.077      1.991      0.987     0.400
        8 2001     0     7440      0.005      2.063      0.996     0.429
        9 2001     0     7200      0.028      2.101      1.043     0.447
       10 2001   286     7154      0.153      2.135      1.125     0.450
       11 2001     0     7200      0.157      2.046      1.089     0.442
       12 2001     0     7440      0.225      2.050      1.091     0.425
        1 2002     0     7440      0.143      2.157      1.080     0.433
        2 2002     0     6720      0.010      2.184      1.059     0.434
        3 2002     0     7440      0.050      2.202      1.074     0.474
        4 2002     0     7200      0.076      2.098      1.089     0.444
        5 2002     0     7440      0.179      1.926      1.043     0.408
        6 2002     0     7200      0.223      1.881      0.994     0.400
        7 2002     0     7440      0.177      1.904      0.984     0.394
        8 2002     0     7440      0.054      2.001      0.967     0.416
        9 2002  3330     3870     -0.062      2.101      0.948     0.457
       10 2002  1482     5958     -0.095      1.998      0.939     0.428
       11 2002     0     7200     -0.058      2.026      0.969     0.452
       12 2002     0     7440      0.072      1.975      0.938     0.430
        1 2003     0     7440      0.145      1.987      1.031     0.425
        2 2003     0     6720      0.173      2.191      1.129     0.439
        3 2003     0     7440      0.006      2.202      1.110     0.470
        4 2003     0     7200      0.092      2.203      1.121     0.460
        5 2003     0     7440      0.215      2.203      1.114     0.429
        6 2003     0     7200      0.135      1.928      1.008     0.399
        7 2003     0     7440      0.171      2.000      1.023     0.416
        8 2003     0     7440      0.101      2.033      1.024     0.437
        9 2003     0     7200      0.101      2.126      1.064     0.462
       10 2003     0     7440      0.028      2.132      1.071     0.451
       11 2003     0     7200      0.079      2.154      1.020     0.443
       12 2003     0     7440      0.181      2.133      1.066     0.417
        1 2004     0     7440      0.141      2.124      1.079     0.418
        2 2004     0     6960      0.182      2.121      1.131     0.452
        3 2004     0     7440      0.154      2.149      1.121     0.448
        4 2004     0     7200      0.080      2.092      1.079     0.449
        5 2004     0     7440      0.129      2.147      1.066     0.432
        6 2004     0     7200      0.202      2.053      1.061     0.397
        7 2004     0     7440      0.160      2.015      1.063     0.403
        8 2004     0     7440      0.132      2.076      1.023     0.447
        9 2004     0     7200      0.153      1.983      1.046     0.445
       10 2004     0     7440      0.110      2.065      1.085     0.450
       11 2004     0     7200      0.209      2.131      1.100     0.419
       12 2004     0     7440      0.108      2.088      1.032     0.406
        1 2005     0     7440      0.078      2.110      1.047     0.425
        2 2005   270     6450      0.009      2.093      1.054     0.460
        3 2005     0     7440      0.108      2.173      1.067     0.457
        4 2005     0     7200      0.129      2.040      1.044     0.446
        5 2005     0     7440      0.232      2.033      1.069     0.414
        6 2005     0     7200      0.127      1.936      1.011     0.398
        7 2005     0     7440      0.121      2.097      1.020     0.406
        8 2005     0     7440      0.031      2.130      1.023     0.422
        9 2005     0     7200      0.050      2.209      1.089     0.464
       10 2005     0     7440      0.175      2.096      1.091     0.455
       11 2005     0     7200      0.210      2.055      1.088     0.426
       12 2005     0     7440      0.177      2.119      1.081     0.415
        1 2006     0     7440      0.120      2.241      1.087     0.442
        2 2006     0     6720      0.151      2.322      1.151     0.444
        3 2006     0     7440      0.061      2.340      1.104     0.493
        4 2006     0     7200      0.087      2.092      1.064     0.458
        5 2006     0     7440      0.189      1.907      1.024     0.413
        6 2006     0     7200      0.190      1.887      0.997     0.393
        7 2006  1164     6276      0.126      1.945      0.976     0.401
        8 2006     0     7440      0.066      2.084      0.988     0.426
        9 2006   918     6282     -0.031      2.131      1.022     0.427
       10 2006     0     7440      0.026      2.168      1.079     0.446
       11 2006     0     7200      0.099      2.047      0.994     0.423
       12 2006     0     7440      0.120      1.880      0.948     0.408
        1 2007     0     7440      0.179      2.098      1.081     0.428
        2 2007     0     6720      0.104      2.226      1.094     0.443
        3 2007   550     6890      0.042      2.194      1.129     0.454
        4 2007   217     6983      0.245      2.259      1.194     0.441
        5 2007     0     7440      0.234      2.144      1.124     0.414
        6 2007     0     7200      0.346      2.080      1.105     0.392
        7 2007     0     7440      0.219      2.057      1.110     0.418
        8 2007     0     7440      0.063      2.071      1.053     0.448
        9 2007     0     7200      0.246      2.325      1.156     0.461
       10 2007     0     7440      0.112      2.214      1.204     0.452
       11 2007     0     7200      0.217      2.193      1.144     0.421
       12 2007     0     7440      0.275      2.117      1.138     0.400
        1 2008     0     7440      0.229      2.123      1.124     0.421
        2 2008     0     6960      0.172      2.175      1.125     0.462
        3 2008     0     7440      0.114      2.134      1.095     0.451
        4 2008     0     7200      0.117      2.158      1.108     0.449
        5 2008     0     7440      0.161      2.136      1.072     0.426
        6 2008     0     7200      0.170      2.044      1.048     0.401
        7 2008     0     7440      0.155      2.030      1.038     0.419
        8 2008     0     7440      0.094      2.082      1.035     0.451
        9 2008     0     7200      0.118      2.067      1.045     0.457
       10 2008     0     7440      0.156      2.190      1.124     0.451
       11 2008     0     7200      0.191      2.109      1.083     0.407
       12 2008     0     7440      0.158      2.137      1.120     0.406
        1 2009     0     7440      0.157      2.183      1.101     0.438
        2 2009     0     6720      0.151      2.241      1.106     0.462
        3 2009     0     7440      0.120      2.133      1.119     0.466
        4 2009     0     7200      0.202      2.015      1.097     0.428
        5 2009     0     7440      0.179      2.022      1.051     0.402
        6 2009     0     7200      0.235      2.036      1.061     0.393
        7 2009     0     7440      0.158      2.113      1.047     0.401
        8 2009     0     7440      0.046      2.095      1.024     0.429
        9 2009     0     7200      0.100      2.040      1.048     0.443
       10 2009     0     7440      0.153      2.014      1.054     0.451
       11 2009     0     7200      0.076      1.964      0.990     0.436
       12 2009     0     7440      0.109      2.003      0.978     0.425
        1 2010     0     7440      0.022      2.157      1.009     0.450
        2 2010     0     6720      0.019      2.189      1.042     0.446
        3 2010     0     7440      0.041      2.234      1.147     0.481
        4 2010     0     7200      0.190      2.102      1.144     0.437
        5 2010     0     7440      0.273      2.034      1.115     0.409
        6 2010     0     7200      0.266      2.004      1.074     0.389
        7 2010     0     7440      0.141      2.067      1.056     0.417
        8 2010     0     7440      0.012      2.159      1.086     0.433
        9 2010     0     7200      0.196      2.285      1.175     0.445
       10 2010     0     7440      0.130      2.143      1.111     0.438
       11 2010     0     7200      0.310      2.213      1.176     0.429
       12 2010     0     7440      0.255      2.146      1.107     0.428
        1 2011     0     7440      0.215      2.196      1.167     0.438
        2 2011     0     6720      0.188      2.405      1.237     0.463
        3 2011     0     7440      0.020      2.243      1.128     0.471
        4 2011     0     7200      0.168      2.162      1.104     0.441
        5 2011     0     7440      0.213      2.093      1.109     0.415
        6 2011     0     7200      0.284      2.019      1.095     0.409
        7 2011     0     7440      0.225      2.087      1.110     0.422
        8 2011     0     7440      0.121      2.133      1.099     0.455
        9 2011     0     7200      0.195      2.285      1.159     0.457
       10 2011     0     7440      0.168      2.211      1.214     0.444
       11 2011     0     7200      0.326      2.193      1.147     0.416
       12 2011     0     7440      0.203      2.114      1.131     0.418
        1 2012     0     7440      0.228      2.144      1.139     0.438
        2 2012     0     6960      0.094      2.153      1.141     0.475
        3 2012     0     7440      0.131      2.197      1.195     0.455
        4 2012     0     7200      0.179      2.262      1.196     0.446
        5 2012     0     7440      0.226      2.209      1.172     0.421
        6 2012     0     7200      0.354      2.198      1.195     0.418
        7 2012     0     7440      0.267      2.147      1.148     0.434
        8 2012     0     7440      0.179      2.149      1.127     0.461
        9 2012     0     7200      0.174      2.102      1.116     0.457
       10 2012     0     7440      0.111      2.157      1.101     0.452
       11 2012     0     7200      0.151      2.185      1.120     0.439
       12 2012  1696     5744      0.138      2.135      1.103     0.441
        1 2013     0     7440      0.163      2.170      1.112     0.441
        2 2013     0     6720      0.121      2.058      1.066     0.446
        3 2013     0     7440      0.188      2.147      1.139     0.470
        4 2013     0     7200      0.106      2.134      1.094     0.456
        5 2013     0     7440      0.166      2.118      1.094     0.432
        6 2013     0     7200      0.071      2.090      1.081     0.426
        7 2013     0     7440      0.092      2.151      1.046     0.427
        8 2013     0     7440      0.082      2.174      1.066     0.450
        9 2013     0     7200      0.211      2.085      1.110     0.444
       10 2013     0     7440      0.224      2.044      1.123     0.444
       11 2013     0     7200      0.258      2.181      1.176     0.445
       12 2013     0     7440      0.106      2.153      1.077     0.454
        1 2014     0     7440      0.116      2.185      1.161     0.468
        2 2014     0     6720      0.197      2.309      1.171     0.454
        3 2014     0     7440      0.126      2.246      1.134     0.477
        4 2014     0     7200      0.163      1.973      1.064     0.433
        5 2014     0     7440      0.145      2.000      1.023     0.424
        6 2014     0     7200      0.198      2.039      1.044     0.426
        7 2014     0     7440      0.074      2.109      1.038     0.439
        8 2014     0     7440      0.058      2.121      1.042     0.441
        9 2014     0     7200      0.071      2.133      1.098     0.466
       10 2014     0     7440      0.176      2.132      1.099     0.458
       11 2014     0     7200      0.121      2.057      1.021     0.450
       12 2014     0     7440      0.049      2.062      0.991     0.451
        1 2015     0     7440      0.021      2.154      1.053     0.451
        2 2015     0     6720      0.071      2.229      1.089     0.464
        3 2015     0     7440     -0.063      2.166      1.078     0.487
        4 2015     0     7200      0.048      2.107      1.056     0.473
        5 2015     0     7440      0.131      2.007      0.999     0.444
        6 2015     0     7200      0.127      1.910      0.965     0.438
        7 2015     0     7440      0.017      1.955      0.898     0.439
        8 2015     0     7440     -0.081      1.979      0.897     0.464
        9 2015     0     7200     -0.053      1.999      0.917     0.465
       10 2015     0     7440     -0.069      1.915      0.936     0.459
       11 2015     0     7200      0.026      1.995      0.918     0.434
       12 2015     0     7440      0.082      1.907      0.926     0.431
        1 2016     0     7440      0.109      1.996      0.977     0.428
        2 2016     0     6960      0.073      2.138      1.097     0.466
        3 2016     0     7440      0.109      2.265      1.196     0.456
        4 2016     0     7200      0.170      2.177      1.147     0.445
        5 2016     0     7440      0.141      2.114      1.110     0.427
        6 2016     0     7200      0.307      2.161      1.172     0.428
        7 2016     0     7440      0.290      2.135      1.150     0.429
        8 2016     0     7440      0.296      2.152      1.168     0.436
        9 2016     0     7200      0.282      2.309      1.273     0.460
       10 2016     0     7440      0.284      2.366      1.309     0.469
       11 2016     0     7200      0.150      2.255      1.158     0.450
       12 2016     0     7440      0.187      2.232      1.119     0.442
        1 2017     0     7440      0.183      2.147      1.113     0.443
        2 2017     0     6720      0.208      2.189      1.123     0.452
        3 2017     0     7440      0.190      2.245      1.155     0.480
        4 2017     0     7200      0.178      2.194      1.162     0.466
        5 2017     0     7440      0.152      2.162      1.109     0.432
        6 2017     0     7200      0.145      2.057      1.060     0.415
        7 2017     0     7440      0.206      2.103      1.070     0.409
        8 2017     0     7440      0.197      2.071      1.084     0.422
        9 2017     0     7200      0.205      2.165      1.184     0.449
       10 2017     0     7440      0.253      2.196      1.269     0.451
       11 2017     0     7200      0.273      2.291      1.194     0.448
       12 2017     0     7440      0.273      2.271      1.225     0.439
        1 2018     0     7440      0.260      2.284      1.239     0.439
        2 2018     0     6720      0.276      2.283      1.202     0.436
        3 2018     0     7440      0.147      2.196      1.182     0.473
        4 2018     0     7200      0.256      2.143      1.170     0.454
        5 2018     0     7440      0.210      2.046      1.097     0.436
        6 2018     0     7200      0.086      2.097      1.016     0.434
        7 2018     0     7440      0.086      2.082      1.032     0.431
        8 2018     0     7440      0.085      2.128      1.058     0.439
        9 2018     0     7200      0.126      2.228      1.154     0.470
       10 2018     0     7440      0.209      2.155      1.197     0.451
       11 2018     0     7200      0.223      2.146      1.120     0.446
       12 2018     0     7440      0.158      2.146      1.086     0.433
        1 2019     0     7440      0.246      2.239      1.146     0.435
        2 2019     0     6720      0.052      2.251      1.135     0.460
        3 2019     0     7440      0.152      2.210      1.133     0.442
        4 2019     0     7200      0.158      2.089      1.120     0.444
        5 2019     0     7440      0.299      2.107      1.181     0.425
        6 2019     0     7200      0.356      2.061      1.145     0.402
        7 2019     0     7440      0.228      2.118      1.121     0.404
        8 2019     0     7440      0.146      2.267      1.129     0.455
        9 2019     0     7200      0.180      2.405      1.233     0.479
       10 2019     0     7440      0.159      2.257      1.191     0.469
       11 2019     0     7200      0.260      2.144      1.163     0.434
       12 2019     0     7440      0.241      2.101      1.141     0.432
        1 2020     0     7440      0.231      2.174      1.138     0.426
        2 2020   333     6627      0.160      2.292      1.160     0.465
        3 2020     0     7440      0.075      2.273      1.117     0.452
        4 2020     0     7200      0.068      2.139      1.087     0.442
        5 2020     0     7440      0.191      2.178      1.097     0.429
        6 2020     0     7200      0.237      2.017      1.065     0.413
        7 2020     0     7440      0.229      1.985      1.077     0.407
        8 2020     0     7440      0.199      2.163      1.123     0.423
        9 2020     0     7200      0.184      2.262      1.176     0.442
       10 2020     0     7440      0.203      2.275      1.231     0.461
       11 2020     0     7200      0.161      2.224      1.184     0.437
       12 2020     0     7440      0.264      2.211      1.140     0.419
        1 2021     9     7431      0.261      2.151      1.149     0.433
        2 2021     0     6720      0.188      2.236      1.122     0.445
        3 2021    35     7405      0.077      2.202      1.130     0.477
        4 2021    11     7189      0.113      2.181      1.109     0.453
        5 2021    40     7400      0.194      2.136      1.121     0.421
        6 2021   833     6367      0.233      2.030      1.077     0.395
        7 2021    18     7422      0.268      2.096      1.095     0.390
        8 2021    28     7412      0.242      2.061      1.104     0.408
        9 2021   706     6494      0.245      2.217      1.260     0.437
       10 2021  2203     5237      0.375      2.387      1.312     0.462
       11 2021  1296     5904      0.251      2.285      1.160     0.448
       12 2021     4     7436      0.230      2.252      1.147     0.429
        1 2022  1462     5978      0.177      2.201      1.150     0.455
        2 2022    75     6645      0.295      2.202      1.206     0.434
        3 2022   240     7200      0.253      2.293      1.242     0.476
        4 2022   669     6531      0.181      2.199      1.165     0.463
        5 2022   793     6647      0.136      2.057      1.066     0.420
        6 2022     5     7195      0.155      2.032      1.042     0.396
        7 2022  5672     1768      0.390      1.808      1.072     0.355
        8 2022  7440        0
        9 2022  7200        0
       10 2022  7440        0
       11 2022  7200        0
       12 2022  7440        0
        1 2023  7440        0
        2 2023  5116     1604      0.240      2.243      1.191     0.417
      Totals   99836  2515204

      Mean sea level =  1.077  (Average monthly means = 1.077)

      Maximum recorded level of  2.405 metres at 0430 hours 18/02/2011
      Minimum recorded level of -0.238 metres at 1036 hours 14/12/1997
      Standard deviation of the observations =  0.4476 metres 
      Skewness                               =  0.0596
