


      Monthly barometric pressures for NAURU
      --------------------------------------

      Mth Year  Gaps     Good     Minimum    Maximum     Mean     St Devn
        7 1993   168      576     1004.1     1010.3     1007.6       1.2
        8 1993     0      744     1004.8     1013.9     1009.6       1.6
        9 1993     0      720     1005.3     1013.7     1009.1       1.7
       10 1993     0      744     1004.5     1012.1     1008.5       1.5
       11 1993     0      720     1003.6     1011.1     1007.3       1.3
       12 1993    24      720     1002.0     1009.8     1006.1       1.3
        1 1994     0      744     1002.7     1010.9     1006.4       1.5
        2 1994     0      672     1002.8     1012.6     1006.6       1.8
        3 1994     0      744     1002.8     1013.3     1007.8       1.9
        4 1994     0      720     1003.5     1011.7     1007.7       1.6
        5 1994   648       96     1005.2     1009.6     1007.6       1.1
        6 1994   720        0
        7 1994   144      600     1004.0     1011.2     1007.6       1.4
        8 1994    10      734     1004.0     1013.1     1008.4       1.8
        9 1994     1      719     1002.6     1013.8     1008.8       2.0
       10 1994     0      744     1004.6     1012.9     1009.0       1.4
       11 1994     1      719     1002.4     1012.3     1007.5       1.8
       12 1994   153      591     1001.6     1011.3     1006.0       2.2
        1 1995   336      408     1003.6     1010.5     1007.0       1.5
        2 1995   349      323     1002.9     1011.1     1007.7       1.8
        3 1995   254      490     1002.0     1011.6     1006.4       1.9
        4 1995    82      638     1003.3     1010.3     1006.7       1.5
        5 1995     8      736     1004.3     1011.7     1008.1       1.4
        6 1995    14      706     1004.1     1011.3     1008.2       1.4
        7 1995     2      742     1004.8     1011.2     1007.9       1.3
        8 1995     7      737     1003.1     1012.1     1007.9       1.7
        9 1995    15      705     1005.5     1011.9     1008.6       1.3
       10 1995    17      727     1004.0     1012.7     1007.8       1.6
       11 1995    12      708     1003.0     1011.3     1007.3       1.6
       12 1995    48      696     1002.7     1010.6     1007.4       1.7
        1 1996    17      727     1002.1     1010.3     1005.9       1.5
        2 1996    50      646     1002.1     1009.5     1006.3       1.5
        3 1996   263      481     1002.4     1008.9     1005.9       1.3
        4 1996     2      718     1002.9     1011.8     1007.6       1.6
        5 1996     0      744     1004.4     1012.4     1008.7       1.5
        6 1996   251      469     1004.6     1013.8     1009.4       1.9
        7 1996     0      744     1003.5     1011.4     1007.5       1.5
        8 1996     0      744     1004.1     1011.9     1008.7       1.5
        9 1996     0      720     1002.5     1011.5     1007.2       1.9
       10 1996     0      744     1003.6     1011.6     1007.4       1.6
       11 1996     0      720     1000.8     1013.3     1006.6       2.3
       12 1996    18      726     1001.1     1009.7     1004.8       1.8
        1 1997     1      743     1003.2     1011.0     1007.0       1.4
        2 1997     3      669     1001.8     1008.4     1005.2       1.4
        3 1997     1      743      999.6     1012.6     1006.2       2.8
        4 1997     3      717     1003.5     1012.2     1007.7       1.8
        5 1997     8      736     1003.0     1012.4     1007.2       1.8
        6 1997     8      712     1004.5     1013.3     1008.7       1.8
        7 1997    11      733     1003.9     1011.5     1007.4       1.4
        8 1997     4      740     1004.9     1012.2     1009.0       1.5
        9 1997     6      714     1003.9     1013.8     1009.1       2.1
       10 1997    13      731     1005.0     1012.7     1009.0       1.4
       11 1997     0      720     1004.9     1014.3     1009.6       1.9
       12 1997     0      744     1002.3     1010.6     1007.4       1.4
        1 1998     1      743     1004.3     1013.3     1008.4       1.8
        2 1998     4      668     1005.7     1013.0     1010.0       1.4
        3 1998     4      740     1005.0     1013.3     1009.4       1.5
        4 1998     7      713     1005.9     1013.8     1009.7       1.5
        5 1998     2      742     1003.7     1012.4     1008.7       1.7
        6 1998     5      715     1005.1     1011.3     1008.2       1.2
        7 1998    29      715     1005.1     1013.0     1008.8       1.6
        8 1998     5      739     1005.0     1012.6     1008.8       1.4
        9 1998    41      679     1003.9     1014.1     1008.7       1.8
       10 1998     2      742     1005.1     1011.6     1008.3       1.3
       11 1998     1      719     1003.0     1010.6     1007.4       1.5
       12 1998     0      744     1003.1     1009.8     1006.4       1.3
        1 1999    15      729     1002.2     1011.5     1006.4       1.9
        2 1999     5      667     1002.4     1012.9     1007.5       1.8
        3 1999    12      732     1003.0     1009.6     1006.4       1.4
        4 1999     6      714     1003.9     1011.5     1007.6       1.5
        5 1999     7      737     1004.4     1011.2     1008.1       1.5
        6 1999     5      715     1005.3     1012.0     1008.7       1.1
        7 1999    11      733     1004.5     1011.3     1007.8       1.4
        8 1999    10      734     1006.0     1012.1     1008.8       1.2
        9 1999     2      718     1006.1     1013.6     1009.3       1.5
       10 1999     2      742     1004.7     1012.2     1008.1       1.4
       11 1999    19      701     1002.7     1010.7     1007.4       1.6
       12 1999     0      744     1003.6     1010.1     1007.0       1.3
        1 2000     7      737     1001.4     1010.0     1006.4       1.6
        2 2000     2      694     1003.8     1012.0     1007.5       1.4
        3 2000   286      458     1004.5     1011.4     1007.8       1.4
        4 2000     2      718     1003.5     1010.2     1007.4       1.3
        5 2000     0      744     1003.0     1011.3     1008.0       1.6
        6 2000     6      714     1003.0     1011.1     1007.7       1.6
        7 2000    10      734     1003.4     1011.5     1008.0       1.8
        8 2000    11      733     1003.1     1010.9     1007.1       1.5
        9 2000    10      710     1005.5     1012.5     1008.7       1.3
       10 2000     2      742     1002.9     1010.6     1006.8       1.4
       11 2000     3      717     1001.8     1010.4     1005.9       1.7
       12 2000    21      723     1002.7     1009.1     1006.2       1.3
        1 2001     2      742     1002.4     1009.6     1006.5       1.3
        2 2001     4      668      999.3     1010.9     1005.0       2.5
        3 2001     6      738     1004.0     1010.3     1007.1       1.3
        4 2001     6      714     1003.2     1009.9     1007.0       1.4
        5 2001    10      734     1004.0     1012.2     1007.9       1.5
        6 2001     9      711     1003.1     1010.0     1006.7       1.3
        7 2001     9      735     1004.0     1011.6     1007.9       1.3
        8 2001    10      734     1003.0     1011.1     1007.2       1.5
        9 2001    13      707     1004.5     1011.3     1008.1       1.4
       10 2001     6      738     1003.2     1011.6     1007.3       1.6
       11 2001     1      719     1002.5     1010.2     1006.8       1.5
       12 2001     0      744     1001.1     1010.3     1005.7       1.8
        1 2002   672       72     1004.5     1011.0     1007.5       1.5
        2 2002   600       72     1004.3     1009.0     1006.7       1.2
        3 2002   121      623     1003.0     1011.8     1007.0       1.7
        4 2002    69      651     1002.2     1011.5     1007.2       1.6
        5 2002     0      744     1000.9     1013.0     1007.6       2.7
        6 2002     7      713     1002.3     1011.1     1007.1       1.7
        7 2002     2      742     1004.1     1012.3     1008.3       1.5
        8 2002     1      743     1003.5     1013.0     1007.6       1.8
        9 2002     4      716     1004.9     1013.1     1008.7       1.4
       10 2002     1      743     1001.2     1011.4     1007.0       2.1
       11 2002     4      716     1002.1     1010.5     1006.4       1.8
       12 2002     9      735     1003.4     1012.3     1007.3       1.8
        1 2003     2      742     1002.2     1011.2     1006.9       1.5
        2 2003     6      666     1003.1     1010.2     1006.8       1.4
        3 2003    10      734     1002.1     1012.2     1007.2       2.1
        4 2003     4      716     1002.6     1011.3     1007.3       1.6
        5 2003     2      742     1002.2     1011.3     1007.3       1.8
        6 2003     0      720     1005.0     1011.8     1008.4       1.3
        7 2003     0      744     1004.3     1011.1     1007.7       1.3
        8 2003     0      744     1004.9     1011.6     1008.3       1.3
        9 2003     0      720     1003.2     1011.8     1008.3       1.5
       10 2003     0      744     1004.5     1011.4     1007.9       1.4
       11 2003     0      720     1003.1     1010.8     1006.8       1.4
       12 2003     1      743     1001.2     1009.8     1005.9       1.7
        1 2004     0      744     1001.4     1010.8     1006.8       1.8
        2 2004     0      696     1001.9     1010.8     1006.5       1.9
        3 2004   192      552     1001.9     1009.1     1005.6       1.6
        4 2004   720        0
        5 2004   744        0
        6 2004   720        0
        7 2004   473      271     1004.4     1010.1     1007.2       1.3
        8 2004    19      725     1003.5     1012.4     1008.0       1.7
        9 2004     0      720     1004.1     1011.5     1008.2       1.3
       10 2004     0      744     1003.4     1011.4     1007.7       1.5
       11 2004     0      720     1003.5     1011.5     1006.9       1.5
       12 2004     2      742     1002.8     1010.3     1006.3       1.4
        1 2005     3      741     1001.8     1011.4     1005.9       1.9
        2 2005     2      670     1002.1     1010.1     1006.6       1.6
        3 2005     6      738     1004.1     1011.8     1007.8       1.5
        4 2005     0      720     1002.8     1012.0     1007.1       1.8
        5 2005     1      743     1003.0     1012.2     1007.4       1.6
        6 2005     1      719     1004.2     1010.4     1007.5       1.3
        7 2005     3      741     1003.4     1012.9     1007.5       1.8
        8 2005     6      738     1004.2     1011.7     1008.2       1.5
        9 2005    22      698     1002.4     1013.1     1007.6       2.0
       10 2005     1      743     1003.5     1011.3     1007.6       1.5
       11 2005     0      720     1002.9     1009.4     1006.6       1.3
       12 2005     2      742     1001.9     1010.7     1006.1       1.8
        1 2006    12      732     1001.0     1008.9     1005.4       1.7
        2 2006     5      667     1001.8     1010.4     1006.4       1.7
        3 2006     7      737     1002.8     1011.4     1006.7       1.5
        4 2006    28      692     1003.5     1010.7     1006.8       1.4
        5 2006    12      732     1004.1     1011.4     1008.3       1.3
        6 2006     0      720     1003.1     1011.2     1007.0       1.7
        7 2006     0      744     1004.7     1011.9     1008.2       1.4
        8 2006    34      710     1003.7     1010.9     1007.6       1.4
        9 2006    18      702     1003.5     1011.9     1007.7       1.7
       10 2006    10      734     1003.6     1013.4     1008.0       2.0
       11 2006    14      706     1002.9     1012.1     1007.1       1.7
       12 2006     6      738     1001.8     1010.5     1006.4       1.8
        1 2007     5      739     1002.4     1009.6     1006.0       1.5
        2 2007     8      664     1001.6     1012.5     1006.7       2.2
        3 2007     5      739     1002.3     1009.7     1006.4       1.5
        4 2007     7      713     1003.7     1011.5     1007.7       1.5
        5 2007    10      734     1002.6     1011.6     1007.9       1.9
        6 2007     8      712     1000.8     1011.0     1006.2       2.0
        7 2007     2      742     1002.5     1011.7     1007.5       1.8
        8 2007     0      744     1004.0     1010.8     1007.9       1.3
        9 2007     0      720     1004.1     1011.0     1007.2       1.3
       10 2007     0      744     1004.0     1011.3     1008.0       1.5
       11 2007     0      720     1001.5     1010.3     1005.7       1.8
       12 2007     7      737     1002.0     1010.7     1006.1       1.8
        1 2008     0      744     1001.2     1010.1     1005.9       1.7
        2 2008     0      696     1002.7     1011.9     1007.5       2.0
        3 2008     1      743     1003.5     1011.0     1007.8       1.5
        4 2008     7      713     1002.6     1010.4     1006.9       1.5
        5 2008     3      741     1003.6     1012.8     1008.3       1.8
        6 2008    19      701     1004.7     1011.9     1007.9       1.3
        7 2008     2      742     1004.2     1011.3     1008.0       1.5
        8 2008     5      739     1004.9     1012.0     1008.2       1.3
        9 2008    79      641     1003.2     1012.5     1008.0       1.7
       10 2008     2      742     1003.6     1012.5     1008.3       1.7
       11 2008     0      720     1002.9     1011.9     1007.0       1.7
       12 2008     1      743     1003.2     1009.9     1006.2       1.2
        1 2009     3      741     1002.0     1011.5     1006.9       2.0
        2 2009     0      672     1001.8     1010.3     1006.1       1.6
        3 2009     0      744     1002.2     1011.5     1007.2       1.6
        4 2009     2      718     1002.6     1012.0     1007.2       1.9
        5 2009     0      744     1003.2     1011.3     1007.2       1.6
        6 2009     2      718     1004.6     1011.5     1008.0       1.3
        7 2009    20      724     1003.5     1010.0     1006.7       1.3
        8 2009     0      744     1004.3     1011.1     1007.8       1.4
        9 2009     0      720     1001.5     1011.7     1007.0       1.9
       10 2009     0      744     1003.1     1011.1     1007.5       1.6
       11 2009     0      720     1001.7     1010.4     1005.7       1.7
       12 2009     0      744     1002.2     1011.6     1006.6       1.6
        1 2010     0      744     1002.5     1010.0     1006.1       1.3
        2 2010     0      672     1004.1     1011.0     1007.6       1.4
        3 2010    27      717     1002.9     1010.9     1006.9       1.5
        4 2010     6      714     1004.0     1012.2     1008.2       1.6
        5 2010     0      744     1002.2     1011.6     1007.0       1.9
        6 2010    10      710     1004.8     1011.8     1008.6       1.2
        7 2010     2      742     1005.3     1011.9     1008.4       1.3
        8 2010     2      742     1004.2     1012.7     1008.6       1.6
        9 2010     5      715     1005.5     1013.0     1008.7       1.4
       10 2010     2      742     1004.0     1011.6     1007.9       1.5
       11 2010    29      691     1003.6     1012.4     1007.4       1.7
       12 2010     1      743     1001.5     1009.0     1005.8       1.3
        1 2011     0      744     1000.7     1010.0     1006.0       1.7
        2 2011     2      670     1002.9     1010.0     1007.0       1.3
        3 2011     6      738     1002.6     1010.7     1006.8       1.6
        4 2011    19      701     1001.7     1011.7     1007.3       1.8
        5 2011     9      735     1002.0     1011.4     1007.3       1.8
        6 2011     5      715     1001.9     1010.8     1007.1       1.5
        7 2011     5      739     1003.1     1010.8     1007.1       1.6
        8 2011     9      735     1003.9     1010.3     1007.4       1.3
        9 2011    11      709     1004.9     1011.8     1008.0       1.4
       10 2011    13      731     1002.5     1012.5     1008.3       2.0
       11 2011     5      715     1002.0     1010.2     1006.9       1.5
       12 2011    24      720     1001.4     1008.9     1005.8       1.5
        1 2012     0      744     1002.8     1010.3     1006.3       1.5
        2 2012     4      692     1001.8     1011.4     1006.7       1.9
        3 2012    10      734     1001.3     1010.2     1005.9       1.7
        4 2012    18      702     1004.0     1011.0     1007.7       1.4
        5 2012    21      723     1004.3     1010.3     1007.1       1.2
        6 2012    15      705     1002.5     1011.5     1007.5       1.6
        7 2012    17      727     1003.8     1009.9     1006.6       1.2
        8 2012    32      712     1004.8     1011.8     1008.0       1.3
        9 2012    31      689     1004.2     1010.5     1007.6       1.3
       10 2012    25      719     1002.7     1011.5     1007.6       1.7
       11 2012     4      716     1002.5     1009.8     1006.5       1.4
       12 2012     1      743     1001.5     1010.3     1005.6       1.7
        1 2013     0      744     1000.7     1010.0     1005.7       1.7
        2 2013     5      667     1001.2     1010.3     1006.1       1.8
        3 2013    17      727     1002.9     1011.0     1007.1       1.6
        4 2013    48      672     1002.3     1010.5     1007.1       1.5
        5 2013    35      709     1003.2     1011.0     1007.8       1.4
        6 2013    18      702     1002.2     1011.6     1006.9       2.0
        7 2013   180      564     1003.7     1009.8     1006.9       1.2
        8 2013    33      711     1005.4     1012.2     1008.9       1.4
        9 2013     0      720     1004.1     1012.3     1008.4       1.6
       10 2013     0      744     1004.2     1012.4     1008.8       1.7
       11 2013     1      719     1003.7     1010.7     1007.5       1.3
       12 2013     0      744     1003.3     1010.3     1006.4       1.3
        1 2014     0      744     1003.3     1010.6     1006.7       1.4
        2 2014     0      672     1002.2     1009.9     1006.3       1.3
        3 2014     0      744     1004.2     1011.7     1008.0       1.4
        4 2014     0      720     1003.8     1012.5     1008.2       1.5
        5 2014     0      744     1005.1     1013.1     1008.8       1.6
        6 2014   287      433     1003.6     1010.9     1006.7       1.4
        7 2014   744        0
        8 2014   744        0
        9 2014    72      648     1005.0     1012.2     1008.6       1.4
       10 2014     0      744     1005.4     1011.9     1009.0       1.3
       11 2014     0      720     1002.8     1011.5     1007.9       1.9
       12 2014     0      744     1002.8     1010.9     1007.0       1.7
        1 2015     0      744     1001.2     1013.7     1007.1       2.5
        2 2015     0      672     1003.5     1010.7     1007.5       1.4
        3 2015     0      744     1000.2     1012.7     1007.2       3.2
        4 2015     0      720     1003.2     1013.0     1008.4       1.7
        5 2015     0      744     1003.8     1013.2     1008.8       2.0
        6 2015     0      720     1003.0     1012.7     1007.9       1.6
        7 2015     0      744     1004.3     1013.1     1009.3       1.8
        8 2015     0      744     1005.6     1012.2     1008.9       1.4
        9 2015     0      720     1005.0     1013.0     1009.4       1.6
       10 2015     0      744     1004.8     1014.2     1009.6       1.8
       11 2015     0      720     1004.4     1011.4     1007.7       1.5
       12 2015     0      744     1003.0     1011.4     1007.6       1.5
        1 2016     0      744     1005.4     1014.5     1009.5       1.6
        2 2016     4      692     1004.3     1012.4     1008.1       1.6
        3 2016     0      744     1005.2     1013.4     1009.5       1.7
        4 2016     0      720     1005.9     1012.1     1009.2       1.2
        5 2016    48      696     1004.7     1012.5     1009.2       1.6
        6 2016     0      720     1005.6     1012.8     1009.3       1.6
        7 2016     0      744     1005.1     1012.3     1009.0       1.5
        8 2016     0      744     1004.9     1013.6     1008.8       1.7
        9 2016     0      720     1005.5     1012.0     1008.8       1.4
       10 2016     0      744     1005.0     1011.5     1008.6       1.2
       11 2016     0      720     1003.8     1013.1     1008.2       1.8
       12 2016     0      744     1003.0     1011.2     1007.2       1.4
        1 2017     0      744     1002.2     1011.7     1007.4       1.7
        2 2017     0      672     1003.2     1014.1     1008.5       2.5
        3 2017     0      744     1004.6     1012.0     1008.5       1.6
        4 2017     0      720     1004.1     1011.9     1008.5       1.5
        5 2017     5      739     1005.0     1011.8     1008.7       1.3
        6 2017     0      720     1005.9     1012.4     1009.2       1.4
        7 2017     0      744     1005.4     1011.6     1008.8       1.2
        8 2017     0      744     1005.9     1012.7     1009.0       1.4
        9 2017     0      720     1004.6     1011.8     1009.1       1.4
       10 2017     0      744     1002.8     1012.9     1008.0       2.0
       11 2017     0      720     1002.8     1009.5     1006.6       1.4
       12 2017     1      743     1003.1     1009.9     1006.8       1.4
        1 2018     0      744     1000.0     1010.6     1006.1       2.2
        2 2018     0      672     1003.9     1010.4     1007.3       1.3
        3 2018    11      733     1002.5     1010.3     1006.7       1.5
        4 2018   284      436     1004.4     1011.4     1008.0       1.6
        5 2018   734       10     1006.3     1009.6     1007.7       1.1
        6 2018   268      452     1006.5     1012.4     1009.7       1.3
        7 2018    10      734     1004.4     1012.4     1008.1       1.6
        8 2018     1      743     1005.7     1011.9     1008.8       1.3
        9 2018     0      720     1004.8     1012.0     1008.2       1.4
       10 2018     0      744     1004.2     1012.7     1008.9       1.4
       11 2018     0      720     1002.9     1012.4     1007.8       2.0
       12 2018     0      744     1001.8     1011.5     1006.4       1.9
        1 2019     0      744     1002.7     1010.6     1007.0       1.4
        2 2019     0      672     1003.0     1011.5     1007.2       1.7
        3 2019     0      744     1004.7     1011.6     1008.3       1.4
        4 2019     0      720     1004.2     1013.4     1008.6       1.7
        5 2019    17      727     1004.9     1012.3     1009.0       1.5
        6 2019   382      338     1004.2     1011.9     1008.0       1.6
        7 2019     0      744     1005.0     1011.5     1008.5       1.2
        8 2019     0      744     1005.5     1013.2     1008.7       1.4
        9 2019     1      719     1005.6     1013.9     1009.9       1.7
       10 2019     0      744     1003.9     1011.9     1008.3       1.7
       11 2019     0      720     1002.6     1012.0     1007.5       1.8
       12 2019     0      744     1003.0     1013.5     1007.1       1.7
        1 2020     2      742     1002.2     1011.7     1006.9       2.1
        2 2020     0      696     1003.1     1011.7     1007.2       1.6
        3 2020     0      744     1004.4     1012.5     1008.2       1.6
        4 2020     0      720     1004.2     1013.0     1008.9       1.8
        5 2020     0      744     1004.9     1013.7     1009.3       1.8
        6 2020     0      720     1006.1     1012.4     1009.0       1.2
        7 2020     0      744     1004.0     1011.7     1008.2       1.4
        8 2020     0      744     1004.3     1012.5     1008.8       1.7
        9 2020     0      720     1004.2     1012.5     1008.9       1.5
       10 2020   286      458     1005.0     1011.7     1008.7       1.4
       11 2020     0      720     1004.2     1012.7     1008.6       1.8
       12 2020     0      744     1004.2     1011.8     1007.6       1.6
        1 2021     0      744     1002.9     1009.8     1006.9       1.5
        2 2021     0      672     1002.9     1010.9     1007.4       1.7
        3 2021     0      744     1001.9     1012.4     1008.1       2.1
        4 2021     6      714     1004.1     1012.5     1008.5       1.7
        5 2021     1      743     1002.5     1012.4     1007.7       1.6
        6 2021     0      720     1006.3     1014.7     1009.8       1.3
        7 2021     0      744     1003.7     1012.0     1008.4       1.7
        8 2021     0      744     1006.1     1014.2     1009.8       1.7
        9 2021     0      720     1004.8     1012.4     1008.8       1.4
       10 2021     0      744     1004.3     1013.1     1009.2       2.0
       11 2021     0      720     1004.5     1013.2     1008.1       1.5
       12 2021     1      743     1003.3     1010.3     1007.3       1.3
        1 2022     0      744     1002.6     1011.1     1007.4       1.6
        2 2022     0      672     1003.0     1009.8     1006.5       1.4
        3 2022     0      744     1004.7     1011.4     1008.1       1.3
        4 2022     0      720     1004.2     1011.7     1008.2       1.6
        5 2022     0      744     1004.7     1013.0     1009.2       1.6
        6 2022     0      720     1005.2     1013.2     1009.0       1.5
        7 2022     0      744     1004.6     1011.5     1008.4       1.5
        8 2022     1      743     1004.8     1011.9     1008.9       1.4
        9 2022     0      720     1006.4     1014.2     1009.6       1.4
       10 2022     0      744     1005.1     1012.3     1008.7       1.4
       11 2022     0      720     1005.0     1012.9     1008.8       1.6
       12 2022     0      744     1001.7     1010.3     1006.6       1.8
        1 2023     0      744     1003.7     1012.2     1007.8       1.8
        2 2023     0      672     1001.5     1010.4     1006.8       1.8
      Totals   13696   246344

      Mean barometric pressure = 1007.6  (Average monthly means =1007.6)

      Maximum recorded pressure of 1014.7 Hpa at 1200 hours 21/06/2021
      Minimum recorded pressure of  999.3 Hpa at  400 hours 08/02/2001
      Standard deviation of the observations =     1.9 Hpa    
      Skewness                               =     9.5
