


      Monthly water temperatures for FEDERATED STATES OF MICRONESIA
      -------------------------------------------------------------

      Mth Year  Gaps     Good     Minimum    Maximum     Mean     St Devn
       12 2001   386      358     28.300     31.600     28.904     0.303
        1 2002     0      744     27.600     29.400     28.683     0.327
        2 2002     0      672     28.100     29.300     28.687     0.186
        3 2002     0      744     28.500     29.700     28.908     0.195
        4 2002     0      720     28.700     30.400     29.111     0.211
        5 2002     0      744     29.000     30.500     29.532     0.284
        6 2002     0      720     28.900     31.000     29.715     0.291
        7 2002     0      744     28.400     30.500     29.272     0.332
        8 2002     0      744     28.600     30.600     29.497     0.379
        9 2002     0      720     27.900     30.700     29.220     0.514
       10 2002     0      744     28.800     30.500     29.529     0.349
       11 2002     0      720     28.900     30.800     29.658     0.305
       12 2002     0      744     28.000     30.100     28.735     0.301
        1 2003     0      744     27.300     29.100     28.341     0.291
        2 2003     1      671     27.900     29.300     28.418     0.287
        3 2003     2      742     28.700     29.600     29.037     0.148
        4 2003     0      720     27.300     30.200     28.956     0.405
        5 2003     0      744     28.800     30.300     29.293     0.263
        6 2003     1      719     29.000     30.300     29.438     0.231
        7 2003     0      744     29.300     30.700     29.784     0.217
        8 2003     1      743     29.600     30.900     30.034     0.254
        9 2003     0      720     29.400     30.800     30.106     0.213
       10 2003     0      744     29.000     31.300     30.266     0.283
       11 2003     0      720     29.700     31.000     30.084     0.223
       12 2003     0      744     29.200     30.600     29.692     0.334
        1 2004     0      744     28.500     29.800     29.083     0.241
        2 2004     0      696     28.100     29.800     28.871     0.333
        3 2004     0      744     28.500     29.800     29.076     0.186
        4 2004     0      720     28.900     30.200     29.328     0.226
        5 2004     0      744     29.000     30.400     29.581     0.231
        6 2004     0      720     28.200     30.600     29.605     0.378
        7 2004     0      744     29.500     30.800     29.945     0.199
        8 2004     0      744     28.700     31.000     29.735     0.408
        9 2004     0      720     29.400     31.800     30.055     0.265
       10 2004     0      744     29.500     31.100     30.017     0.291
       11 2004     0      720     29.600     31.700     30.254     0.246
       12 2004     0      744     28.900     30.300     29.574     0.231
        1 2005     0      744     28.200     29.600     28.748     0.237
        2 2005    15      657     28.000     29.100     28.651     0.155
        3 2005     0      744     27.800     29.500     28.574     0.244
        4 2005     0      720     27.900     29.900     28.992     0.245
        5 2005     4      740     28.500     30.300     29.176     0.251
        6 2005     1      719     28.900     29.900     29.463     0.158
        7 2005     0      744     29.400     30.800     29.890     0.239
        8 2005     0      744     29.800     30.900     30.182     0.189
        9 2005     1      719     29.400     31.100     29.921     0.208
       10 2005     0      744     29.800     31.200     30.265     0.207
       11 2005     0      720     29.700     31.200     30.201     0.225
       12 2005     0      744     28.800     30.300     29.456     0.291
        1 2006     0      744     28.000     29.300     28.834     0.200
        2 2006     0      672     28.200     29.100     28.595     0.144
        3 2006     1      743     28.400     29.300     28.752     0.155
        4 2006    18      702     28.500     29.800     29.017     0.206
        5 2006     8      736     28.700     30.300     29.396     0.270
        6 2006     3      717     29.300     30.600     29.706     0.208
        7 2006     1      743     28.900     30.400     29.494     0.183
        8 2006    31      713     29.500     31.500     30.090     0.254
        9 2006     9      711     28.700     31.700     30.296     0.251
       10 2006     4      740     28.900     31.000     29.746     0.355
       11 2006     7      713     28.700     30.800     29.749     0.307
       12 2006     0      744     28.200     29.800     29.125     0.191
        1 2007     0      744     27.900     29.000     28.508     0.167
        2 2007     0      672     27.900     29.400     28.577     0.260
        3 2007     0      744     28.300     30.200     29.171     0.385
        4 2007     0      720     28.700     29.900     29.266     0.197
        5 2007     0      744     29.000     30.700     29.591     0.198
        6 2007     0      720     29.200     30.300     29.601     0.190
        7 2007     0      744     29.300     30.300     29.726     0.201
        8 2007     0      744     29.500     30.600     29.846     0.183
        9 2007     0      720     29.700     30.500     29.990     0.140
       10 2007     2      742     29.700     30.900     30.128     0.182
       11 2007     0      720     29.000     30.500     29.519     0.244
       12 2007     1      743     28.200     29.700     29.104     0.265
        1 2008     0      744     27.900     29.400     28.778     0.170
        2 2008     0      696     27.800     29.500     28.512     0.191
        3 2008     2      742     28.300     29.400     28.875     0.170
        4 2008     1      719     28.600     29.600     29.042     0.167
        5 2008     4      740     28.300     29.600     28.944     0.164
        6 2008     0      720     28.400     29.700     29.003     0.162
        7 2008     0      744     28.900     29.600     29.181     0.135
        8 2008     0      744     28.800     30.400     29.443     0.335
        9 2008     0      720     29.200     30.300     29.565     0.179
       10 2008     1      743     29.100     30.300     29.679     0.220
       11 2008     0      720     28.800     29.700     29.309     0.161
       12 2008     2      742     28.600     29.800     29.255     0.177
        1 2009     0      744     28.000     29.600     28.908     0.326
        2 2009     0      672     28.100     29.200     28.675     0.191
        3 2009     0      744     28.200     30.100     28.688     0.311
        4 2009     0      720     28.500     29.800     29.110     0.167
        5 2009     0      744     29.000     30.000     29.357     0.172
        6 2009     1      719     29.200     30.600     29.719     0.189
        7 2009     0      744     29.000     30.600     29.769     0.201
        8 2009     0      744     29.700     31.200     30.312     0.297
        9 2009     0      720     29.800     31.200     30.372     0.200
       10 2009     0      744     29.600     31.300     30.318     0.253
       11 2009     0      720     29.500     30.700     29.984     0.236
       12 2009     3      741     28.300     30.500     29.299     0.330
        1 2010     0      744     28.000     29.400     28.695     0.219
        2 2010     0      672     28.000     30.000     28.591     0.293
        3 2010    26      718     27.900     29.600     28.842     0.237
        4 2010     2      718     28.700     29.600     29.068     0.167
        5 2010     2      742     29.100     30.200     29.484     0.187
        6 2010     4      716     29.300     30.100     29.607     0.147
        7 2010     2      742     29.100     30.000     29.466     0.166
        8 2010     8      736     29.100     30.000     29.427     0.156
        9 2010    11      709     29.400     30.400     29.724     0.191
       10 2010     5      739     29.300     30.200     29.652     0.184
       11 2010     0      720     29.300     30.100     29.656     0.148
       12 2010     1      743     28.200     29.900     29.341     0.212
        1 2011     0      744     28.200     29.800     29.193     0.190
        2 2011     2      670     28.700     30.100     29.265     0.262
        3 2011     3      741     29.200     30.200     29.652     0.183
        4 2011     4      716     29.500     30.700     29.942     0.196
        5 2011     1      743     28.900     30.000     29.535     0.137
        6 2011     1      719     29.000     29.800     29.421     0.132
        7 2011     2      742     28.600     29.900     29.418     0.181
        8 2011     2      742     29.300     30.700     29.691     0.212
        9 2011     0      720     29.700     30.700     29.958     0.148
       10 2011     0      744     29.600     30.700     29.928     0.168
       11 2011     0      720     28.600     30.600     29.851     0.215
       12 2011    61      683     28.400     29.500     29.034     0.203
        1 2012     1      743     28.600     29.600     29.127     0.149
        2 2012   317      379     28.400     29.500     28.873     0.135
        3 2012   430      314     28.800     30.000     29.167     0.206
        4 2012     2      718     29.000     29.900     29.347     0.151
        5 2012     0      744     29.400     30.500     29.795     0.196
        6 2012     0      720     29.200     30.600     29.661     0.216
        7 2012     3      741     29.500     30.500     29.752     0.150
        8 2012   527      217     29.600     30.500     30.017     0.162
        9 2012   720        0
       10 2012   744        0
       11 2012   720        0
       12 2012    75      669     28.500     30.000     29.314     0.229
        1 2013     1      743     27.700     29.500     28.901     0.203
        2 2013     2      670     28.000     29.300     28.670     0.204
        3 2013     7      737     28.300     29.800     28.954     0.212
        4 2013   121      599     28.500     29.500     28.868     0.198
        5 2013     0      744     29.000     29.700     29.266     0.149
        6 2013     0      720     28.800     29.700     29.194     0.150
        7 2013     1      743     29.100     30.400     29.609     0.182
        8 2013     0      744     29.400     30.900     29.943     0.335
        9 2013     0      720     29.600     31.300     30.386     0.223
       10 2013     0      744     29.700     31.000     30.225     0.195
       11 2013     1      719     29.200     30.400     29.743     0.159
       12 2013     0      744     28.600     30.000     29.285     0.204
        1 2014     0      744     28.400     29.500     28.905     0.195
        2 2014     0      672     28.800     30.000     29.242     0.232
        3 2014     0      744     28.500     30.600     29.445     0.298
        4 2014     1      719     29.000     30.200     29.449     0.212
        5 2014     0      744     29.000     30.400     29.592     0.195
        6 2014     0      720     29.100     31.100     30.095     0.391
        7 2014    77      667     29.600     31.000     30.275     0.280
        8 2014     0      744     29.600     31.200     30.042     0.280
        9 2014   123      597     30.100     31.400     30.512     0.209
       10 2014   199      545     29.200     31.400     30.143     0.308
       11 2014   174      546     29.700     31.000     30.188     0.189
       12 2014   744        0
        1 2015   744        0
        2 2015   672        0
        3 2015   744        0
        4 2015   720        0
        5 2015   593      151     29.200     30.500     29.546     0.263
        6 2015     0      720     27.900     30.300     29.397     0.266
        7 2015     0      744     28.500     31.600     29.489     0.653
        8 2015     0      744     28.300     30.600     29.203     0.448
        9 2015     0      720     28.500     29.900     29.067     0.271
       10 2015     0      744     27.400     30.500     28.976     0.438
       11 2015     0      720     29.200     30.500     29.564     0.252
       12 2015     0      744     28.400     30.200     29.226     0.262
        1 2016     0      744     27.200     29.300     28.481     0.361
        2 2016     0      696     27.700     28.900     28.236     0.285
        3 2016     0      744     28.000     29.900     28.798     0.455
        4 2016     0      720     28.700     29.900     29.218     0.232
        5 2016     0      744     29.200     30.600     29.604     0.187
        6 2016     0      720     29.600     30.700     30.014     0.206
        7 2016     0      744     29.700     31.100     30.277     0.258
        8 2016     0      744     29.900     31.400     30.567     0.229
        9 2016     0      720     30.400     31.600     30.679     0.174
       10 2016     4      740     30.200     31.600     30.563     0.183
       11 2016     0      720     29.800     31.200     30.414     0.274
       12 2016     0      744     28.900     30.200     29.679     0.234
        1 2017     0      744     28.600     29.900     29.227     0.255
        2 2017     0      672     28.100     30.100     29.302     0.303
        3 2017     0      744     28.000     30.600     29.351     0.360
        4 2017     0      720     29.100     30.100     29.460     0.181
        5 2017     0      744     28.800     30.100     29.485     0.182
        6 2017     0      720     29.100     30.600     29.778     0.205
        7 2017     0      744     29.600     30.700     30.018     0.203
        8 2017     1      743     30.000     31.300     30.613     0.246
        9 2017     0      720     30.300     31.600     30.758     0.174
       10 2017     0      744     30.300     31.600     30.580     0.213
       11 2017    12      708     29.800     31.000     30.305     0.215
       12 2017     0      744     28.800     30.300     29.583     0.283
        1 2018     0      744     28.200     29.800     29.214     0.178
        2 2018     0      672     28.100     29.600     29.056     0.204
        3 2018     0      744     28.100     30.000     29.111     0.262
        4 2018     0      720     29.000     30.400     29.704     0.212
        5 2018     0      744     29.600     30.700     29.950     0.207
        6 2018     0      720     29.600     30.900     30.016     0.234
        7 2018     0      744     30.000     31.100     30.337     0.198
        8 2018     0      744     29.100     30.800     29.917     0.272
        9 2018     0      720     29.700     31.700     30.252     0.286
       10 2018     0      744     29.900     31.300     30.430     0.259
       11 2018     0      720     29.600     31.200     30.122     0.263
       12 2018     0      744     28.800     30.700     29.638     0.235
        1 2019     0      744     28.100     29.600     28.971     0.175
        2 2019     1      671     27.900     29.400     28.658     0.290
        3 2019    23      721     28.200     29.300     28.752     0.179
        4 2019     0      720     28.300     29.400     28.784     0.155
        5 2019     0      744     28.700     30.700     29.442     0.456
        6 2019     0      720     29.400     30.400     29.779     0.183
        7 2019     1      743     29.700     30.900     30.293     0.217
        8 2019     0      744     29.700     31.100     30.346     0.217
        9 2019    20      700     29.500     31.400     30.292     0.327
       10 2019     0      744     29.700     31.400     30.353     0.255
       11 2019     0      720     29.400     30.800     30.009     0.301
       12 2019     0      744     27.900     30.600     29.455     0.362
        1 2020     0      744     27.900     29.600     28.762     0.223
        2 2020     0      696     28.100     29.400     28.873     0.174
        3 2020     0      744     28.700     29.700     29.058     0.164
        4 2020     0      720     28.400     30.400     29.176     0.243
        5 2020     1      743     28.800     30.100     29.368     0.229
        6 2020     1      719     29.200     30.600     29.626     0.199
        7 2020     0      744     29.800     31.300     30.061     0.202
        8 2020     1      743     29.800     31.500     30.454     0.339
        9 2020     0      720     30.300     31.800     30.680     0.219
       10 2020     0      744     30.100     31.100     30.465     0.163
       11 2020     0      720     29.800     30.500     30.159     0.147
       12 2020     0      744     28.700     30.200     29.438     0.292
        1 2021   360      384     28.700     29.400     29.121     0.116
        2 2021   342      330     28.400     29.500     28.951     0.220
        3 2021   266      478     28.900     30.200     29.181     0.175
        4 2021   127      593     28.900     30.700     29.415     0.308
        5 2021   355      389     29.100     29.900     29.500     0.154
        6 2021   701       19     29.400     29.800     29.658     0.114
        7 2021   440      304     29.400     30.300     29.743     0.174
        8 2021   366      378     29.700     30.700     30.065     0.180
        9 2021   720        0
       10 2021   744        0
       11 2021   720        0
       12 2021   145      599     28.900     30.000     29.654     0.133
        1 2022     0      744     28.400     30.000     29.089     0.210
        2 2022     0      672     28.200     29.300     28.839     0.157
        3 2022     0      744     28.500     29.600     28.995     0.158
        4 2022     1      719     28.600     30.300     29.134     0.228
        5 2022     0      744     28.700     30.100     29.190     0.195
        6 2022     0      720     29.100     30.400     29.480     0.184
        7 2022    65      679     29.100     30.100     29.456     0.157
        8 2022     0      744     29.400     30.400     29.834     0.181
        9 2022     0      720     29.500     30.600     29.990     0.139
       10 2022     1      743     29.900     30.800     30.188     0.139
       11 2022   285      435     29.600     30.800     30.136     0.277
       12 2022     0      744     28.800     30.300     29.592     0.259
        1 2023   154      590     28.600     29.900     29.342     0.195
        2 2023   275      397     27.900     29.600     28.892     0.301
      Totals   15243   170997

      Mean water temperature = 29.511  (Average monthly means =29.507)

      Maximum recorded temperature of 31.800 deg C at 0900 hours 30/09/2004
      Minimum recorded temperature of 27.200 deg C at 1600 hours 29/01/2016
      Standard deviation of the observations =  0.5957 deg C  
      Skewness                               =  0.0850
