


      Monthly air temperatures for COOK ISLANDS
      -----------------------------------------

      Mth Year  Gaps     Good     Minimum    Maximum     Mean     St Devn
        2 1993   456      216     21.100     28.400     25.541     1.794
        3 1993     0      744     20.200     29.700     25.858     1.618
        4 1993     0      720     19.500     28.700     25.120     1.715
        5 1993     0      744     18.000     27.300     23.223     1.648
        6 1993     0      720     16.700     26.400     22.433     1.504
        7 1993     0      744     14.100     26.000     21.133     2.025
        8 1993     0      744     18.100     26.000     22.290     1.636
        9 1993     0      720     17.300     26.800     22.529     1.838
       10 1993     0      744     17.100     26.100     22.557     1.710
       11 1993     0      720     19.200     28.500     24.597     1.363
       12 1993     0      744     21.500     29.000     25.657     1.511
        1 1994     0      744     21.600     29.100     25.653     1.506
        2 1994     0      672     22.800     30.400     27.062     1.579
        3 1994     1      743     23.500     30.300     26.858     1.495
        4 1994     0      720     21.300     29.300     25.415     1.392
        5 1994     0      744     18.100     27.900     23.866     1.882
        6 1994     9      711     17.500     26.400     22.611     1.839
        7 1994    13      731     17.900     26.300     22.365     1.867
        8 1994     3      741     16.300     25.800     21.287     1.563
        9 1994    64      656     14.700     25.700     20.885     2.062
       10 1994    38      706     16.100     25.900     22.249     1.929
       11 1994    14      706     17.800     26.600     23.263     1.369
       12 1994    61      683     21.200     28.700     24.670     1.509
        1 1995     7      737     21.600     28.900     25.346     1.525
        2 1995     5      667     23.500     30.100     26.667     1.090
        3 1995    19      725     22.200     30.100     26.303     1.501
        4 1995    70      650     19.200     29.200     24.621     1.499
        5 1995     7      737     20.900     28.400     24.928     1.518
        6 1995    19      701     17.200     30.900     24.480     2.471
        7 1995     2      742     17.400     26.200     22.626     1.800
        8 1995    13      731     17.900     26.800     22.687     1.531
        9 1995    11      709     16.200     26.100     21.895     1.410
       10 1995     9      735     16.400     26.200     22.180     1.828
       11 1995    10      710     18.200     27.200     23.452     1.519
       12 1995    10      734     17.800     26.300     22.897     1.771
        1 1996    22      722     19.100     32.000     24.578     1.804
        2 1996     2      694     20.900     29.500     25.585     1.757
        3 1996     0      744     20.100     29.500     25.434     1.926
        4 1996     0      720     18.500     26.500     22.891     1.339
        5 1996   744        0
        6 1996   720        0
        7 1996   744        0
        8 1996   744        0
        9 1996   720        0
       10 1996   576      168     18.700     26.400     22.909     1.911
       11 1996     1      719     18.700     28.400     24.200     1.925
       12 1996     0      744     20.800     28.200     25.426     1.240
        1 1997     0      744     20.300     28.400     25.530     1.407
        2 1997     2      670     22.800     29.400     26.759     1.255
        3 1997    15      729     21.200     29.700     25.791     1.854
        4 1997     1      719     18.900     29.600     25.063     2.154
        5 1997     3      741     17.500     27.100     22.843     2.037
        6 1997     0      720     15.800     25.100     21.406     1.789
        7 1997    12      732     14.900     25.300     21.517     2.027
        8 1997     0      744     14.600     25.700     20.755     2.095
        9 1997     3      717     15.500     27.100     21.172     2.065
       10 1997     0      744     17.000     26.100     22.458     1.610
       11 1997     0      720     19.100     27.700     23.690     1.303
       12 1997     0      744     21.700     27.000     24.376     0.925
        1 1998     0      744     22.000     29.400     25.266     1.220
        2 1998     0      672     22.000     27.400     24.810     0.914
        3 1998     0      744     21.500     27.600     24.847     0.937
        4 1998     1      719     20.800     27.100     24.493     0.968
        5 1998     0      744     17.200     27.000     22.969     1.872
        6 1998     3      717     18.700     26.800     22.405     1.122
        7 1998     0      744     16.700     25.200     21.345     1.750
        8 1998     2      742     13.100     27.900     21.953     1.968
        9 1998     0      720     15.400     28.000     22.056     1.871
       10 1998   198      546     15.900     30.100     22.991     2.169
       11 1998   288      432     21.800     29.400     25.671     1.848
       12 1998     0      744     21.300     28.700     26.266     1.376
        1 1999     0      744     22.000     30.000     26.597     1.499
        2 1999     0      672     21.600     29.700     26.357     1.726
        3 1999     1      743     23.400     29.400     26.732     1.265
        4 1999     0      720     21.500     29.000     26.187     1.345
        5 1999     0      744     18.600     28.700     23.940     2.207
        6 1999     1      719     18.200     27.500     23.260     1.945
        7 1999     1      743     17.200     27.200     23.095     2.131
        8 1999     0      744     16.800     27.500     22.699     2.103
        9 1999     2      718     17.300     25.500     22.151     1.373
       10 1999     0      744     18.100     25.800     23.120     1.228
       11 1999     0      720     18.400     28.000     24.557     1.732
       12 1999     0      744     21.100     29.600     25.636     1.538
        1 2000     4      740     19.900     29.900     26.136     1.436
        2 2000     1      695     22.300     29.800     26.744     1.654
        3 2000     3      741     22.900     29.700     26.840     1.530
        4 2000     0      720     20.400     28.900     25.973     1.632
        5 2000     0      744     19.800     28.300     24.251     1.408
        6 2000     1      719     16.200     26.400     21.910     1.911
        7 2000     0      744     17.300     25.700     21.860     1.620
        8 2000     0      744     14.900     26.200     21.765     2.040
        9 2000     0      720     16.900     26.200     23.001     1.594
       10 2000     1      743     16.700     27.500     22.954     1.551
       11 2000     0      720     18.100     27.700     24.675     2.017
       12 2000     0      744     21.400     29.900     25.894     1.577
        1 2001     0      744     22.500     29.600     26.235     1.624
        2 2001     0      672     20.400     28.900     26.270     1.678
        3 2001     5      739     22.700     29.000     26.279     1.407
        4 2001     0      720     21.100     28.300     25.360     1.394
        5 2001     0      744     17.500     26.500     23.576     1.913
        6 2001     0      720     17.600     26.700     23.612     1.520
        7 2001     0      744     16.300     26.300     22.295     2.051
        8 2001     0      744     16.500     25.900     22.119     2.103
        9 2001     0      720     15.900     26.400     21.636     1.577
       10 2001     0      744     18.200     25.500     22.573     1.375
       11 2001     0      720     18.800     26.900     23.934     1.459
       12 2001     0      744     19.800     28.100     24.452     1.521
        1 2002    12      732     22.200     28.800     26.302     1.462
        2 2002     0      672     23.100     29.800     26.799     1.542
        3 2002     0      744     22.000     29.400     26.607     1.354
        4 2002     1      719     19.200     29.100     25.776     1.563
        5 2002     0      744     18.100     27.500     23.612     1.879
        6 2002     0      720     18.600     27.100     22.858     1.446
        7 2002     0      744     16.000     26.700     22.461     1.859
        8 2002     0      744     16.400     26.300     21.400     1.995
        9 2002     0      720     17.100     25.500     22.235     1.586
       10 2002     0      744     18.400     28.100     22.628     1.956
       11 2002     0      720     20.500     28.000     24.957     1.413
       12 2002     0      744     21.100     28.900     25.426     1.150
        1 2003     1      743     22.600     30.600     26.227     1.476
        2 2003     3      669     21.200     29.100     26.258     1.669
        3 2003     8      736     21.200     29.300     25.780     1.490
        4 2003     1      719     20.800     28.400     25.139     1.531
        5 2003     0      744     18.200     27.300     24.045     1.742
        6 2003     0      720     15.500     26.200     22.561     1.983
        7 2003     0      744     16.800     26.400     22.804     1.808
        8 2003     0      744     15.700     26.100     22.268     2.237
        9 2003     1      719     15.100     26.400     23.082     2.009
       10 2003     0      744     16.800     27.000     22.652     1.690
       11 2003     0      720     18.300     27.800     23.721     1.604
       12 2003     0      744     19.400     27.500     24.829     1.367
        1 2004     0      744     20.400     29.000     25.784     1.829
        2 2004     0      696     22.700     29.600     26.506     1.341
        3 2004     0      744     22.600     29.400     26.837     1.089
        4 2004     0      720     21.700     29.800     26.908     1.229
        5 2004     0      744     18.500     28.000     25.019     2.022
        6 2004     0      720     18.400     27.300     23.304     1.762
        7 2004     0      744     15.700     25.300     21.601     2.066
        8 2004     0      744     15.500     26.300     22.411     1.955
        9 2004     0      720     15.600     26.400     21.980     2.102
       10 2004     0      744     19.300     26.000     23.092     1.355
       11 2004     0      720     17.600     27.200     23.412     1.587
       12 2004     0      744     18.500     28.900     25.298     2.074
        1 2005     0      744     20.300     29.000     26.502     1.605
        2 2005     1      671     21.400     29.000     26.267     1.266
        3 2005     0      744     21.700     28.800     25.886     1.465
        4 2005     0      720     19.900     28.500     25.194     1.625
        5 2005     0      744     17.600     26.200     23.014     1.675
        6 2005     0      720     18.300     25.400     22.284     1.454
        7 2005     0      744     17.300     26.100     22.220     1.706
        8 2005     1      743     16.200     26.000     21.634     2.067
        9 2005     0      720     18.300     26.400     23.290     1.296
       10 2005     0      744     18.100     28.900     24.378     1.826
       11 2005     0      720     19.700     28.200     24.717     1.494
       12 2005     0      744     22.700     28.600     25.560     1.183
        1 2006     0      744     21.400     29.200     26.471     1.453
        2 2006     0      672     23.500     29.500     26.701     1.292
        3 2006     1      743     22.800     30.000     26.982     1.491
        4 2006     0      720     21.700     29.500     26.002     1.506
        5 2006     0      744     17.300     27.900     23.805     2.320
        6 2006     0      720     17.000     27.300     23.146     2.123
        7 2006     0      744     16.600     27.000     22.681     2.108
        8 2006     0      744     15.200     25.900     22.488     1.703
        9 2006     0      720     18.100     26.500     22.261     1.633
       10 2006     0      744     16.400     27.200     22.897     1.740
       11 2006     0      720     19.200     28.100     23.797     1.656
       12 2006     0      744     19.800     28.600     24.596     1.570
        1 2007     0      744     21.100     28.300     25.354     1.346
        2 2007     0      672     23.000     29.900     26.517     1.398
        3 2007     0      744     23.000     29.000     26.143     1.214
        4 2007     1      719     20.200     28.500     25.472     1.525
        5 2007     0      744     19.900     27.500     24.788     1.524
        6 2007     0      720     18.700     27.000     23.835     1.554
        7 2007     0      744     16.600     26.700     22.749     1.640
        8 2007     0      744     18.400     26.100     22.820     1.624
        9 2007     0      720     17.800     26.500     22.719     1.537
       10 2007     3      741     19.200     27.800     24.050     1.151
       11 2007     0      720     19.900     28.000     24.710     1.260
       12 2007     0      744     20.500     27.500     24.232     1.147
        1 2008     0      744     22.300     27.600     25.417     1.081
        2 2008     0      696     21.100     28.800     26.200     1.402
        3 2008     1      743     21.500     28.900     26.327     1.591
        4 2008     0      720     19.700     28.500     25.081     1.712
        5 2008     0      744     17.100     28.100     23.947     2.322
        6 2008     0      720     17.200     27.000     23.146     1.816
        7 2008     0      744     15.700     26.300     21.416     1.955
        8 2008     0      744     16.000     26.100     22.549     1.463
        9 2008     4      716     19.300     25.400     23.023     1.192
       10 2008     0      744     19.000     27.100     24.074     1.605
       11 2008     0      720     21.900     28.400     25.461     1.179
       12 2008     0      744     20.300     28.500     25.625     1.382
        1 2009     0      744     21.900     29.800     26.444     1.395
        2 2009     0      672     23.200     29.800     27.180     1.308
        3 2009     1      743     21.700     29.300     26.255     1.681
        4 2009     0      720     21.700     28.600     26.226     1.459
        5 2009     1      743     18.200     28.600     24.174     2.034
        6 2009     1      719     16.800     26.800     22.316     2.029
        7 2009     3      741     17.300     25.900     22.414     1.829
        8 2009     0      744     16.300     24.600     21.469     1.665
        9 2009     0      720     16.900     25.200     21.973     1.722
       10 2009     0      744     16.500     25.600     22.342     1.795
       11 2009     1      719     18.400     27.200     22.614     1.627
       12 2009     0      744     19.300     28.200     24.406     1.608
        1 2010     0      744     22.500     28.500     26.182     0.897
        2 2010     0      672     21.300     28.500     25.955     1.125
        3 2010     0      744     22.300     29.000     26.291     1.077
        4 2010     0      720     21.700     28.800     25.818     1.508
        5 2010     0      744     20.000     28.100     24.970     1.247
        6 2010   105      615     19.200     26.600     23.557     1.551
        7 2010     0      744     16.600     27.100     23.802     1.524
        8 2010     0      744     17.300     26.700     22.957     1.801
        9 2010     2      718     20.300     26.700     24.087     1.205
       10 2010     0      744     20.300     27.000     23.856     1.143
       11 2010     0      720     20.100     28.400     24.696     1.335
       12 2010     0      744     20.100     28.000     25.572     1.354
        1 2011     0      744     21.800     28.200     26.199     1.146
        2 2011     0      672     22.200     28.100     25.791     1.378
        3 2011     0      744     22.200     28.500     26.254     1.258
        4 2011     0      720     19.200     28.400     25.371     1.959
        5 2011     0      744     19.900     26.800     24.297     1.366
        6 2011     0      720     18.000     26.900     24.087     1.477
        7 2011     0      744     18.300     26.600     23.307     1.713
        8 2011     0      744     16.900     27.200     22.850     1.912
        9 2011     0      720     19.000     27.200     24.099     1.459
       10 2011     0      744     17.600     26.800     23.744     1.564
       11 2011    51      669     20.700     29.200     25.238     1.612
       12 2011     0      744     21.100     30.200     25.798     1.815
        1 2012     0      744     21.300     29.900     25.860     1.792
        2 2012     0      696     19.400     29.700     26.194     1.901
        3 2012     0      744     20.000     28.600     25.458     1.579
        4 2012     0      720     22.800     29.800     25.910     1.331
        5 2012     0      744     17.600     28.800     24.671     1.832
        6 2012     0      720     16.100     26.600     22.363     2.163
        7 2012     0      744     15.900     25.400     21.886     1.961
        8 2012   605      139     15.900     25.700     21.918     2.684
        9 2012   720        0
       10 2012   453      291     19.000     26.300     24.339     1.451
       11 2012     0      720     18.500     30.300     25.778     1.773
       12 2012     0      744     20.400     30.200     25.597     1.368
        1 2013     0      744     21.600     29.300     25.739     1.378
        2 2013     7      665     20.500     29.600     25.714     1.774
        3 2013     0      744     21.500     29.200     26.781     1.411
        4 2013     1      719     18.400     29.800     25.651     1.905
        5 2013     0      744     19.500     28.500     25.448     1.539
        6 2013     0      720     17.100     27.500     24.648     1.734
        7 2013     1      743     18.300     26.600     23.052     1.471
        8 2013     0      744     14.800     26.000     21.979     2.307
        9 2013     0      720     17.000     27.500     23.236     1.752
       10 2013     0      744     17.000     27.600     23.776     1.629
       11 2013     0      720     19.600     29.000     24.532     1.401
       12 2013     1      743     19.900     29.600     25.427     1.733
        1 2014     0      744     19.600     29.300     26.485     1.525
        2 2014     0      672     21.700     30.500     26.756     1.898
        3 2014     0      744     21.900     30.600     26.484     1.705
        4 2014     1      719     18.000     29.300     25.196     2.201
        5 2014     0      744     19.300     27.500     24.634     1.515
        6 2014     0      720     15.700     26.700     22.940     2.264
        7 2014     0      744     14.900     26.600     22.194     2.589
        8 2014     0      744     14.400     26.200     21.478     2.063
        9 2014     0      720     17.000     26.400     22.602     1.772
       10 2014     1      743     17.100     28.200     23.116     1.651
       11 2014     0      720     18.200     29.300     24.237     1.751
       12 2014     0      744     19.300     28.700     24.632     1.524
        1 2015    13      731     20.600     29.100     25.364     1.618
        2 2015     1      671     22.500     29.400     26.889     1.341
        3 2015     0      744     22.000     29.100     26.301     1.599
        4 2015     0      720     17.500     28.400     25.174     1.811
        5 2015     0      744     16.900     28.000     23.585     2.034
        6 2015     0      720     15.300     27.500     22.608     2.166
        7 2015     0      744     14.100     26.000     20.840     2.355
        8 2015     0      744     14.400     25.500     20.798     2.151
        9 2015     0      720     15.600     25.000     21.244     1.872
       10 2015     0      744     15.500     25.900     22.206     1.854
       11 2015     0      720     18.100     28.000     24.662     1.712
       12 2015     0      744     18.600     28.900     24.881     1.792
        1 2016     0      744     22.400     29.700     26.180     1.022
        2 2016     0      696     20.400     29.500     26.045     1.544
        3 2016     0      744     18.400     29.700     25.318     1.605
        4 2016     0      720     20.700     28.300     24.982     1.135
        5 2016     0      744     16.900     26.700     23.386     1.748
        6 2016     0      720     18.100     26.800     23.236     1.345
        7 2016     0      744     17.900     26.700     22.557     1.800
        8 2016     0      744     17.500     26.600     23.260     1.653
        9 2016     0      720     18.400     28.000     24.583     1.627
       10 2016    13      731     18.500     29.500     24.073     1.979
       11 2016     1      719     21.100     28.800     25.182     1.254
       12 2016     0      744     21.700     30.800     26.436     1.531
        1 2017     0      744     21.900     30.900     27.198     1.741
        2 2017     0      672     21.400     30.700     26.630     1.915
        3 2017     1      743     23.300     31.200     27.530     1.592
        4 2017     0      720     23.200     29.800     27.065     1.366
        5 2017     0      744     19.000     29.300     24.763     1.686
        6 2017     0      720     17.000     27.800     22.993     1.938
        7 2017     0      744     16.500     27.400     23.147     1.939
        8 2017     0      744     16.300     26.600     22.278     1.842
        9 2017     0      720     17.100     27.200     22.624     1.908
       10 2017     0      744     18.600     26.900     23.708     1.240
       11 2017     0      720     19.200     27.900     23.848     1.509
       12 2017     0      744     20.300     30.300     25.034     1.770
        1 2018     0      744     21.200     30.800     26.361     1.490
        2 2018     0      672     22.200     29.700     26.063     1.479
        3 2018     0      744     21.900     29.500     26.376     1.738
        4 2018     1      719     19.300     28.400     25.274     1.708
        5 2018    14      730     20.900     28.800     24.954     1.557
        6 2018    27      693     17.000     28.200     23.787     1.719
        7 2018     0      744     16.100     26.000     22.406     1.732
        8 2018     0      744     17.500     27.000     22.183     1.804
        9 2018     0      720     16.800     27.100     22.876     1.503
       10 2018     0      744     17.900     27.800     22.910     1.257
       11 2018     1      719     17.700     29.500     24.845     1.710
       12 2018     0      744     21.700     29.500     26.065     1.502
        1 2019     0      744     19.100     29.800     26.599     1.614
        2 2019     0      672     21.400     31.300     26.571     1.851
        3 2019     0      744     22.100     30.700     26.781     1.454
        4 2019     0      720     21.100     29.500     25.528     1.577
        5 2019     0      744     20.100     28.400     24.731     1.507
        6 2019     0      720     18.800     28.000     24.127     1.696
        7 2019     1      743     17.900     26.100     22.708     1.695
        8 2019     0      744     15.700     27.600     23.312     1.916
        9 2019     0      720     16.300     28.000     22.537     1.870
       10 2019     0      744     16.100     28.000     22.936     1.726
       11 2019     0      720     18.700     28.700     23.990     1.747
       12 2019     0      744     21.400     28.300     25.048     1.124
        1 2020     0      744     20.900     29.200     26.269     1.253
        2 2020     0      696     22.400     29.800     26.905     1.300
        3 2020     0      744     22.700     30.200     26.661     1.635
        4 2020     0      720     20.700     30.000     26.080     1.922
        5 2020     0      744     19.400     29.300     25.249     1.958
        6 2020     0      720     16.600     27.500     23.156     1.916
        7 2020     0      744     15.500     26.200     22.474     1.827
        8 2020     0      744     15.400     26.400     22.699     1.894
        9 2020     0      720     19.700     27.400     23.753     1.408
       10 2020     0      744     18.200     26.700     23.400     1.499
       11 2020     1      719     19.500     28.800     24.706     1.534
       12 2020     0      744     21.300     29.300     26.058     1.870
        1 2021     0      744     23.000     29.900     27.296     1.426
        2 2021     0      672     22.200     30.400     26.219     1.883
        3 2021     0      744     22.400     30.000     26.912     1.535
        4 2021     0      720     21.600     29.700     26.278     1.882
        5 2021     0      744     18.300     29.400     24.928     1.875
        6 2021     0      720     17.600     27.300     23.420     2.005
        7 2021     0      744     18.500     27.100     24.043     1.957
        8 2021     2      742     16.000     27.100     22.647     2.186
        9 2021     0      720     18.200     28.700     23.646     1.528
       10 2021     0      744     17.500     27.400     23.582     1.794
       11 2021     0      720     19.100     28.000     24.538     1.561
       12 2021     1      743     20.900     28.700     25.663     1.408
        1 2022     0      744     22.000     30.000     26.452     1.301
        2 2022     0      672     22.100     29.300     26.250     1.471
        3 2022     0      744     22.400     30.300     26.475     1.772
        4 2022     0      720     21.600     29.600     26.194     1.794
        5 2022     0      744     19.600     28.800     25.524     1.857
        6 2022     0      720     20.300     28.200     24.701     1.582
        7 2022     0      744     17.200     26.500     23.225     1.661
        8 2022     0      744     16.600     25.700     22.991     1.543
        9 2022     0      720     20.400     26.600     23.991     1.137
       10 2022     0      744     18.000     26.200     23.874     1.172
       11 2022     0      720     19.700     27.400     23.925     1.120
       12 2022     0      744     20.000     28.100     25.251     1.470
        1 2023     0      744     19.400     28.500     25.305     1.808
        2 2023     0      672     21.900     31.800     26.918     1.688
      Totals    7733   255907

      Mean air temperature = 24.336  (Average monthly means =24.341)

      Maximum recorded temperature of 32.000 deg C at 0900 hours 16/01/1996
      Minimum recorded temperature of 13.100 deg C at 2000 hours 27/08/1998
      Standard deviation of the observations =  2.3455 deg C  
      Skewness                               = -0.4197
