


      Monthly water temperatures for COOK ISLANDS
      -------------------------------------------

      Mth Year  Gaps     Good     Minimum    Maximum     Mean     St Devn
        2 1993   456      216     27.100     29.100     27.897     0.258
        3 1993     1      743     26.500     28.300     27.248     0.403
        4 1993     0      720     25.900     27.800     26.737     0.286
        5 1993     0      744     24.600     27.100     25.851     0.706
        6 1993     0      720     23.200     25.000     24.045     0.394
        7 1993     0      744     22.600     24.700     23.798     0.327
        8 1993     0      744     22.700     25.000     23.921     0.471
        9 1993   720        0
       10 1993   744        0
       11 1993   720        0
       12 1993   744        0
        1 1994   744        0
        2 1994   672        0
        3 1994   744        0
        4 1994   720        0
        5 1994   744        0
        6 1994   720        0
        7 1994    13      731     22.600     25.400     24.580     0.423
        8 1994     3      741     22.100     24.400     23.747     0.351
        9 1994    64      656     22.700     24.500     23.451     0.354
       10 1994    38      706     22.800     26.600     24.911     0.753
       11 1994    14      706     23.000     26.300     24.652     0.854
       12 1994    62      682     24.300     26.100     25.172     0.394
        1 1995     7      737     24.500     27.800     26.223     0.618
        2 1995     5      667     25.300     28.200     26.787     0.466
        3 1995    19      725     26.000     28.700     27.391     0.477
        4 1995    70      650     25.800     27.400     26.783     0.247
        5 1995     7      737     25.600     27.600     26.536     0.379
        6 1995    17      703     25.100     26.400     25.846     0.205
        7 1995     2      742     23.900     26.100     25.191     0.348
        8 1995    13      731     23.300     25.600     24.636     0.448
        9 1995    11      709     23.000     25.300     24.422     0.514
       10 1995     9      735     23.000     26.100     24.347     0.842
       11 1995    10      710     24.800     27.200     25.898     0.664
       12 1995    10      734     25.200     27.700     26.563     0.436
        1 1996   744        0
        2 1996   696        0
        3 1996   744        0
        4 1996   720        0
        5 1996   744        0
        6 1996   720        0
        7 1996   744        0
        8 1996   744        0
        9 1996   720        0
       10 1996   744        0
       11 1996     1      719     24.600     27.500     25.714     0.570
       12 1996     0      744     25.600     28.000     26.894     0.479
        1 1997     0      744     25.700     28.100     26.996     0.432
        2 1997     2      670     27.100     28.900     27.937     0.370
        3 1997    15      729     26.900     29.000     27.902     0.395
        4 1997     1      719     25.600     28.500     27.491     0.539
        5 1997     3      741     23.300     27.800     25.885     0.636
        6 1997     0      720     24.000     25.700     24.939     0.333
        7 1997    12      732     23.100     25.000     24.136     0.442
        8 1997     0      744     22.400     24.200     23.547     0.348
        9 1997     3      717     22.400     25.000     23.715     0.450
       10 1997     0      744     22.600     25.700     24.142     0.806
       11 1997     0      720     24.200     26.800     25.623     0.467
       12 1997     0      744     24.300     26.800     25.297     0.525
        1 1998     0      744     25.500     27.600     26.583     0.471
        2 1998     0      672     25.000     26.600     25.672     0.377
        3 1998     0      744     25.500     27.100     26.168     0.305
        4 1998     0      720     24.600     26.300     25.446     0.297
        5 1998     0      744     24.500     26.600     25.468     0.365
        6 1998     5      715     22.800     25.200     24.041     0.542
        7 1998     0      744     22.300     24.300     23.516     0.424
        8 1998     2      742     22.000     25.000     23.693     0.672
        9 1998     1      719     22.800     25.100     24.092     0.398
       10 1998   198      546     23.000     26.200     23.987     0.619
       11 1998   288      432     26.400     29.200     27.518     0.545
       12 1998     0      744     25.900     28.400     27.268     0.576
        1 1999     0      744     26.800     29.100     28.050     0.471
        2 1999     0      672     27.600     28.800     28.180     0.235
        3 1999     1      743     27.000     29.200     27.990     0.515
        4 1999     0      720     26.500     28.400     27.334     0.318
        5 1999     0      744     25.700     28.200     27.368     0.501
        6 1999     1      719     25.900     27.300     26.740     0.288
        7 1999     2      742     24.900     27.100     26.063     0.437
        8 1999     0      744     25.100     26.600     25.813     0.348
        9 1999     2      718     23.400     26.000     24.616     0.560
       10 1999     0      744     23.700     26.200     24.894     0.594
       11 1999     0      720     23.500     27.300     25.334     0.969
       12 1999     1      743     26.300     28.600     27.302     0.423
        1 2000     4      740     26.600     28.500     27.369     0.353
        2 2000     1      695     27.900     29.500     28.667     0.348
        3 2000     4      740     27.900     29.600     28.759     0.302
        4 2000     0      720     26.800     29.300     28.166     0.492
        5 2000     0      744     24.600     27.300     26.154     0.613
        6 2000     0      720     23.300     25.700     24.860     0.463
        7 2000     0      744     22.900     24.500     23.756     0.432
        8 2000     0      744     22.900     25.000     23.966     0.344
        9 2000     0      720     23.200     26.000     24.733     0.609
       10 2000     0      744     23.700     25.800     24.523     0.379
       11 2000     0      720     23.800     27.100     25.234     0.818
       12 2000     0      744     25.500     28.800     27.181     0.572
        1 2001     0      744     26.600     29.200     28.178     0.543
        2 2001     0      672     26.700     29.100     27.974     0.675
        3 2001     5      739     26.700     28.700     27.751     0.473
        4 2001     0      720     25.200     28.600     27.210     0.724
        5 2001     0      744     24.600     26.300     25.589     0.255
        6 2001     0      720     24.400     26.000     25.278     0.310
        7 2001     0      744     23.400     25.600     24.745     0.444
        8 2001     0      744     23.500     25.500     24.582     0.439
        9 2001     1      719     22.700     24.800     24.062     0.432
       10 2001     0      744     22.800     24.900     23.994     0.421
       11 2001     0      720     23.000     27.000     25.091     1.127
       12 2001     0      744     23.800     27.300     25.467     0.939
        1 2002    13      731     26.500     29.000     27.624     0.535
        2 2002     0      672     27.400     30.200     28.471     0.446
        3 2002     1      743     27.300     29.400     28.195     0.472
        4 2002     1      719     25.500     28.900     27.612     0.926
        5 2002     0      744     25.100     27.200     25.922     0.456
        6 2002     0      720     24.000     25.600     24.938     0.375
        7 2002     0      744     23.000     25.300     24.580     0.550
        8 2002     0      744     22.500     25.000     23.833     0.504
        9 2002     0      720     22.900     25.700     24.050     0.665
       10 2002     1      743     24.000     26.300     25.021     0.528
       11 2002     0      720     25.700     27.800     26.753     0.354
       12 2002     0      744     25.800     28.000     26.899     0.412
        1 2003     1      743     27.100     29.700     28.015     0.525
        2 2003     3      669     27.200     29.000     27.871     0.328
        3 2003     8      736     26.900     28.200     27.575     0.254
        4 2003     1      719     26.800     28.400     27.718     0.315
        5 2003     0      744     25.000     27.600     26.494     0.623
        6 2003     0      720     24.600     26.000     25.321     0.290
        7 2003     0      744     23.400     25.100     24.562     0.327
        8 2003     0      744     24.000     25.800     24.785     0.450
        9 2003     4      716     24.000     25.600     24.771     0.332
       10 2003     0      744     24.300     26.000     25.080     0.315
       11 2003     0      720     24.200     26.700     25.347     0.452
       12 2003     0      744     24.700     27.300     26.156     0.518
        1 2004     0      744     26.200     28.700     27.286     0.638
        2 2004     0      696     27.000     28.900     27.973     0.415
        3 2004     0      744     27.200     28.700     27.960     0.283
        4 2004     0      720     27.500     28.800     28.175     0.263
        5 2004     0      744     26.300     27.600     27.076     0.204
        6 2004     0      720     23.800     27.000     25.903     0.774
        7 2004     0      744     23.400     25.000     24.311     0.328
        8 2004     0      744     23.700     25.300     24.433     0.350
        9 2004     0      720     22.800     25.100     24.205     0.407
       10 2004     0      744     23.700     26.400     24.958     0.672
       11 2004     0      720     23.600     25.700     24.528     0.451
       12 2004     0      744     25.100     27.900     26.909     0.778
        1 2005     0      744     26.700     28.900     27.623     0.415
        2 2005     2      670     25.700     28.800     27.291     0.659
        3 2005     0      744     25.600     28.400     27.146     0.706
        4 2005     0      720     26.600     28.100     27.414     0.358
        5 2005     0      744     23.800     27.200     25.441     0.889
        6 2005     0      720     23.600     25.200     24.471     0.340
        7 2005     0      744     24.000     25.600     24.866     0.433
        8 2005     1      743     23.400     25.100     24.372     0.284
        9 2005     0      720     23.700     26.300     24.873     0.553
       10 2005     0      744     23.700     27.400     25.696     0.862
       11 2005     0      720     25.800     27.300     26.329     0.293
       12 2005     1      743     25.500     28.300     26.644     0.572
        1 2006     0      744     26.600     29.100     27.955     0.583
        2 2006     0      672     27.000     29.000     28.021     0.343
        3 2006     3      741     28.000     29.400     28.597     0.226
        4 2006     0      720     26.000     29.000     27.930     0.897
        5 2006     0      744     25.800     27.700     26.901     0.485
        6 2006     0      720     24.500     26.200     25.524     0.361
        7 2006     0      744     24.700     25.900     25.240     0.230
        8 2006     0      744     22.900     25.600     24.394     0.549
        9 2006     0      720     23.700     25.400     24.483     0.360
       10 2006     0      744     23.300     26.300     24.692     0.506
       11 2006     0      720     23.400     27.200     25.219     0.884
       12 2006     0      744     25.700     27.800     26.476     0.393
        1 2007     0      744     25.500     27.500     26.655     0.334
        2 2007     0      672     26.700     28.300     27.401     0.384
        3 2007     0      744     26.500     28.300     27.365     0.393
        4 2007     1      719     26.700     27.900     27.293     0.215
        5 2007     0      744     26.300     27.300     26.855     0.182
        6 2007     1      719     24.800     26.700     25.858     0.386
        7 2007     0      744     23.700     25.500     24.561     0.312
        8 2007     0      744     23.900     25.600     24.902     0.330
        9 2007     0      720     23.700     25.900     24.926     0.488
       10 2007     4      740     24.300     26.700     25.373     0.586
       11 2007     0      720     25.300     27.400     26.272     0.405
       12 2007     0      744     24.800     27.000     25.766     0.368
        1 2008     0      744     25.600     27.400     26.350     0.411
        2 2008     0      696     26.600     28.200     27.463     0.350
        3 2008     1      743     27.200     28.400     27.817     0.205
        4 2008     0      720     26.800     28.100     27.608     0.287
        5 2008     0      744     25.900     27.400     26.879     0.301
        6 2008     0      720     24.400     26.400     25.578     0.492
        7 2008     0      744     23.300     25.400     24.610     0.439
        8 2008     0      744     23.400     25.000     24.257     0.316
        9 2008     0      720     22.500     25.700     24.285     0.685
       10 2008     0      744     24.400     27.700     25.565     0.798
       11 2008     0      720     26.100     27.800     26.855     0.349
       12 2008     0      744     25.600     27.900     26.829     0.436
        1 2009     0      744     26.700     28.900     27.782     0.406
        2 2009     0      672     27.800     29.400     28.543     0.306
        3 2009     1      743     27.000     29.000     28.203     0.397
        4 2009     0      720     26.300     28.600     27.687     0.517
        5 2009     0      744     25.800     27.200     26.409     0.358
        6 2009     1      719     24.000     26.400     25.245     0.532
        7 2009     3      741     23.200     25.200     24.543     0.398
        8 2009     0      744     22.600     24.500     23.856     0.431
        9 2009     0      720     22.500     24.900     23.682     0.491
       10 2009     0      744     23.500     24.900     24.228     0.217
       11 2009     3      717     23.400     25.400     24.023     0.275
       12 2009     0      744     24.100     27.400     26.266     0.707
        1 2010     0      744     26.100     28.300     27.109     0.365
        2 2010     0      672     25.700     28.200     26.879     0.597
        3 2010     1      743     26.500     28.300     27.426     0.400
        4 2010     0      720     26.400     28.900     27.840     0.591
        5 2010     0      744     25.400     27.100     26.309     0.377
        6 2010   105      615     24.600     26.700     25.941     0.527
        7 2010     0      744     24.400     25.800     25.251     0.262
        8 2010     0      744     24.400     26.200     25.140     0.458
        9 2010     2      718     24.400     26.500     25.591     0.511
       10 2010     1      743     23.700     26.100     24.816     0.387
       11 2010     0      720     25.000     27.500     26.301     0.616
       12 2010     0      744     26.400     28.000     27.149     0.313
        1 2011     0      744     26.500     28.300     27.448     0.349
        2 2011     0      672     26.400     28.200     27.366     0.382
        3 2011     0      744     27.300     28.600     27.818     0.295
        4 2011     0      720     27.200     28.200     27.707     0.169
        5 2011     0      744     25.500     27.500     26.355     0.379
        6 2011     0      720     24.600     26.300     25.613     0.454
        7 2011     0      744     24.500     26.500     25.633     0.389
        8 2011     0      744     24.000     26.000     25.245     0.380
        9 2011     0      720     24.200     26.500     25.350     0.522
       10 2011     0      744     23.700     26.900     25.437     0.653
       11 2011     3      717     25.500     27.400     26.366     0.302
       12 2011     0      744     25.800     28.700     27.212     0.747
        1 2012     0      744     26.500     28.500     27.436     0.444
        2 2012     0      696     26.800     28.200     27.423     0.265
        3 2012     0      744     26.000     28.000     26.924     0.358
        4 2012     0      720     26.300     27.600     26.962     0.259
        5 2012     0      744     24.800     27.200     26.340     0.490
        6 2012     0      720     24.400     25.700     25.071     0.371
        7 2012     0      744     23.400     24.600     24.017     0.217
        8 2012   718       26     24.000     24.300     24.096     0.086
        9 2012   720        0
       10 2012   459      285     24.900     26.500     25.465     0.327
       11 2012     0      720     25.400     28.600     27.043     0.650
       12 2012     0      744     25.500     28.100     26.703     0.587
        1 2013     0      744     25.300     27.500     26.035     0.495
        2 2013     7      665     25.700     27.800     26.705     0.411
        3 2013     0      744     27.100     28.600     27.902     0.298
        4 2013     1      719     26.500     28.400     27.559     0.353
        5 2013     0      744     26.000     27.700     26.850     0.314
        6 2013     0      720     25.100     26.900     26.295     0.335
        7 2013     1      743     23.600     26.700     24.652     0.611
        8 2013     0      744     23.400     24.800     24.339     0.237
        9 2013     0      720     23.900     25.700     24.745     0.352
       10 2013     0      744     24.400     26.800     25.349     0.477
       11 2013     0      720     24.900     26.900     25.812     0.401
       12 2013    58      686     25.200     28.300     26.729     0.771
        1 2014     0      744     26.800     28.700     27.784     0.374
        2 2014     0      672     27.600     29.500     28.274     0.385
        3 2014     0      744     26.600     29.600     28.034     0.781
        4 2014    85      635     25.300     28.100     26.918     0.492
        5 2014     0      744     25.100     26.500     25.790     0.276
        6 2014     0      720     24.600     26.000     25.233     0.260
        7 2014     0      744     24.200     25.900     24.985     0.357
        8 2014     0      744     23.400     25.100     24.133     0.333
        9 2014     0      720     23.400     25.000     24.233     0.331
       10 2014     1      743     24.100     25.400     24.794     0.287
       11 2014     0      720     24.400     26.500     25.332     0.521
       12 2014     0      744     25.500     27.600     26.385     0.474
        1 2015   675       69     26.300     27.200     26.586     0.250
        2 2015     1      671     26.300     28.700     27.600     0.637
        3 2015   286      458     27.500     29.000     28.165     0.395
        4 2015     0      720     26.300     28.100     27.088     0.323
        5 2015     0      744     25.000     27.200     26.197     0.454
        6 2015    87      633     23.700     26.300     25.342     0.643
        7 2015    29      715     22.800     24.100     23.432     0.293
        8 2015   338      406     22.400     24.100     23.547     0.347
        9 2015     0      720     22.800     24.500     23.557     0.321
       10 2015   707       37     23.200     23.500     23.338     0.071
       11 2015   508      212     24.400     25.700     24.991     0.227
       12 2015     0      744     25.100     27.800     26.148     0.511
        1 2016   508      236     26.200     27.100     26.659     0.220
        2 2016    49      647     25.900     28.200     27.106     0.562
        3 2016     0      744     25.700     27.200     26.331     0.282
        4 2016     0      720     24.600     26.400     25.662     0.395
        5 2016     0      744     24.700     26.100     25.298     0.326
        6 2016     0      720     23.300     25.000     24.213     0.285
        7 2016     0      744     23.200     25.500     24.403     0.519
        8 2016     0      744     24.100     25.600     25.105     0.298
        9 2016     0      720     24.000     27.700     25.489     0.699
       10 2016    13      731     25.200     27.100     25.985     0.504
       11 2016     1      719     25.200     27.200     25.806     0.333
       12 2016     0      744     26.600     28.600     27.814     0.369
        1 2017     0      744     28.300     30.100     28.909     0.357
        2 2017     0      672     27.400     29.600     28.233     0.533
        3 2017     1      743     27.800     29.900     28.843     0.490
        4 2017     0      720     27.600     29.500     28.237     0.379
        5 2017     0      744     25.300     28.400     26.835     0.856
        6 2017     0      720     24.500     26.400     25.518     0.493
        7 2017     0      744     24.400     25.700     25.062     0.253
        8 2017     0      744     23.300     25.800     24.628     0.579
        9 2017     0      720     23.100     25.400     24.428     0.425
       10 2017   187      557     23.300     24.900     24.136     0.338
       11 2017   720        0
       12 2017   744        0
        1 2018   744        0
        2 2018   400      272     26.800     28.300     27.568     0.326
        3 2018     0      744     26.800     28.900     27.978     0.459
        4 2018     1      719     26.400     28.000     26.947     0.390
        5 2018    14      730     25.300     27.200     26.328     0.383
        6 2018    27      693     25.200     26.700     25.846     0.363
        7 2018     0      744     23.600     25.400     24.361     0.441
        8 2018     0      744     23.100     24.900     23.922     0.395
        9 2018   346      374     24.200     26.400     24.911     0.501
       10 2018   744        0
       11 2018   367      353     25.800     27.800     26.754     0.349
       12 2018     0      744     25.500     28.200     26.781     0.551
        1 2019     0      744     27.200     28.800     27.910     0.327
        2 2019     0      672     27.800     28.900     28.356     0.213
        3 2019     0      744     27.300     29.200     28.291     0.358
        4 2019     0      720     25.600     28.100     27.177     0.674
        5 2019    65      679     25.500     27.100     26.330     0.373
        6 2019     0      720     24.300     26.400     25.805     0.552
        7 2019     1      743     23.400     25.300     24.494     0.445
        8 2019     0      744     24.400     26.300     25.378     0.364
        9 2019     0      720     23.900     25.600     24.822     0.312
       10 2019     0      744     23.800     25.400     24.616     0.424
       11 2019    53      667     22.100     26.600     25.430     0.433
       12 2019    25      719     25.100     26.700     25.878     0.398
        1 2020    20      724     25.400     27.800     26.720     0.549
        2 2020     0      696     27.000     28.600     27.822     0.324
        3 2020     0      744     27.700     28.900     28.264     0.238
        4 2020     0      720     27.100     28.700     27.946     0.310
        5 2020     0      744     25.800     27.400     26.630     0.325
        6 2020     0      720     24.600     26.600     25.712     0.480
        7 2020     0      744     24.100     25.600     24.702     0.364
        8 2020     0      744     23.400     24.800     24.084     0.257
        9 2020     0      720     24.200     25.500     24.852     0.276
       10 2020     0      744     23.900     26.400     25.168     0.457
       11 2020     1      719     24.200     27.100     25.678     0.614
       12 2020     0      744     26.000     29.100     27.436     0.621
        1 2021   528      216     27.900     29.100     28.438     0.279
        2 2021   672        0
        3 2021   744        0
        4 2021   720        0
        5 2021   744        0
        6 2021   720        0
        7 2021   744        0
        8 2021   744        0
        9 2021   720        0
       10 2021   744        0
       11 2021   720        0
       12 2021   744        0
        1 2022   744        0
        2 2022   672        0
        3 2022   744        0
        4 2022   720        0
        5 2022   744        0
        6 2022   720        0
        7 2022   744        0
        8 2022   744        0
        9 2022   720        0
       10 2022   744        0
       11 2022   720        0
       12 2022   744        0
        1 2023   744        0
        2 2023   672        0
      Totals   44575   219065

      Mean water temperature = 26.028  (Average monthly means =26.031)

      Maximum recorded temperature of 30.200 deg C at 0700 hours 24/02/2002
      Minimum recorded temperature of 22.000 deg C at 1700 hours 14/08/1998
      Standard deviation of the observations =  1.4727 deg C  
      Skewness                               =  0.0443
