


      Monthly sea levels for COOK ISLANDS
      -----------------------------------

      Mth Year  Gaps     Good     Minimum    Maximum     Mean     St Devn
        2 1993  4560     2160      0.300      0.993      0.642     0.203
        3 1993     0     7440      0.102      1.080      0.546     0.224
        4 1993     0     7200      0.011      0.974      0.508     0.211
        5 1993     0     7440      0.161      1.075      0.575     0.207
        6 1993     0     7200      0.068      0.885      0.470     0.207
        7 1993     0     7440      0.051      0.917      0.476     0.208
        8 1993     0     7440      0.013      0.964      0.506     0.214
        9 1993     0     7200     -0.071      0.918      0.420     0.211
       10 1993     0     7440      0.072      1.021      0.538     0.212
       11 1993     0     7200      0.165      1.079      0.596     0.205
       12 1993     0     7440      0.239      1.080      0.681     0.205
        1 1994     0     7440      0.267      1.152      0.701     0.215
        2 1994     0     6720      0.230      1.101      0.640     0.206
        3 1994     0     7440      0.074      1.091      0.595     0.222
        4 1994     0     7200      0.104      1.081      0.589     0.214
        5 1994     0     7440      0.079      1.029      0.584     0.212
        6 1994     0     7200      0.053      0.898      0.509     0.212
        7 1994     0     7440      0.189      0.986      0.551     0.212
        8 1994     0     7440      0.126      0.937      0.537     0.205
        9 1994     0     7200      0.114      1.008      0.515     0.212
       10 1994     0     7440      0.014      0.979      0.485     0.206
       11 1994     0     7200     -0.105      0.868      0.425     0.218
       12 1994   480     6960      0.089      1.029      0.563     0.214
        1 1995     0     7440      0.094      1.176      0.538     0.211
        2 1995     0     6720      0.010      0.952      0.459     0.212
        3 1995    90     7350      0.024      0.928      0.468     0.210
        4 1995   480     6720      0.033      0.963      0.490     0.219
        5 1995     0     7440      0.156      1.046      0.575     0.203
        6 1995    61     7139      0.092      1.012      0.552     0.206
        7 1995  1440     6000      0.103      0.944      0.525     0.206
        8 1995     0     7440      0.113      0.912      0.519     0.210
        9 1995     0     7200      0.037      0.936      0.508     0.215
       10 1995     0     7440      0.037      0.923      0.460     0.212
       11 1995     0     7200      0.011      0.964      0.482     0.217
       12 1995     0     7440      0.183      1.101      0.635     0.218
        1 1996   228     7212      0.219      1.122      0.660     0.212
        2 1996   719     6241      0.129      1.082      0.642     0.220
        3 1996     0     7440      0.098      0.965      0.545     0.205
        4 1996   360     6840      0.084      0.935      0.529     0.206
        5 1996     0     7440      0.178      1.012      0.583     0.197
        6 1996     0     7200      0.200      1.055      0.564     0.209
        7 1996     0     7440      0.089      0.944      0.537     0.212
        8 1996     0     7440      0.046      1.070      0.556     0.221
        9 1996     0     7200      0.153      1.083      0.636     0.219
       10 1996   251     7189      0.143      1.079      0.574     0.216
       11 1996     0     7200      0.118      0.963      0.544     0.211
       12 1996     0     7440      0.123      1.023      0.614     0.212
        1 1997     0     7440      0.250      1.127      0.638     0.211
        2 1997     0     6720      0.160      1.073      0.656     0.209
        3 1997     0     7440      0.246      1.202      0.691     0.214
        4 1997     0     7200      0.209      1.109      0.642     0.211
        5 1997     0     7440      0.122      0.983      0.575     0.208
        6 1997     0     7200      0.184      1.033      0.598     0.216
        7 1997     0     7440      0.153      1.046      0.591     0.211
        8 1997     0     7440      0.149      1.143      0.616     0.213
        9 1997     0     7200      0.117      1.140      0.592     0.221
       10 1997     0     7440      0.036      1.030      0.492     0.212
       11 1997     0     7200      0.146      1.061      0.573     0.209
       12 1997     0     7440     -0.004      1.623      0.516     0.240
        1 1998     0     7440      0.154      1.006      0.563     0.218
        2 1998     0     6720      0.118      1.002      0.521     0.203
        3 1998     0     7440      0.004      0.999      0.481     0.221
        4 1998     0     7200     -0.022      1.026      0.459     0.217
        5 1998     0     7440      0.029      0.956      0.497     0.216
        6 1998  2663     4537      0.057      0.945      0.479     0.235
        7 1998     0     7440      0.059      0.892      0.488     0.213
        8 1998     0     7440     -0.016      0.853      0.474     0.208
        9 1998     0     7200     -0.034      0.921      0.454     0.211
       10 1998  1971     5469     -0.021      1.013      0.469     0.223
       11 1998  2871     4329      0.153      0.879      0.530     0.186
       12 1998     0     7440      0.034      1.005      0.487     0.221
        1 1999     0     7440      0.093      1.023      0.594     0.218
        2 1999     0     6720      0.265      1.140      0.677     0.213
        3 1999     0     7440      0.139      1.086      0.634     0.214
        4 1999     0     7200      0.064      1.028      0.544     0.211
        5 1999     0     7440      0.097      1.106      0.580     0.211
        6 1999     0     7200      0.112      1.075      0.622     0.209
        7 1999     0     7440      0.222      1.166      0.661     0.218
        8 1999     0     7440      0.299      1.125      0.689     0.212
        9 1999     0     7200      0.201      1.140      0.644     0.217
       10 1999     0     7440      0.122      1.132      0.622     0.218
       11 1999     0     7200      0.058      1.041      0.552     0.210
       12 1999     0     7440      0.223      1.188      0.654     0.204
        1 2000     0     7440      0.167      1.071      0.634     0.202
        2 2000     0     6960      0.156      1.019      0.576     0.208
        3 2000     0     7440      0.117      1.078      0.603     0.210
        4 2000     0     7200      0.225      1.135      0.664     0.211
        5 2000     0     7440      0.195      1.076      0.608     0.200
        6 2000     0     7200      0.110      1.023      0.541     0.206
        7 2000     0     7440      0.065      1.044      0.526     0.214
        8 2000     0     7440      0.059      0.948      0.508     0.218
        9 2000     0     7200      0.101      0.988      0.552     0.214
       10 2000     0     7440      0.069      0.935      0.529     0.209
       11 2000     0     7200     -0.027      0.884      0.429     0.198
       12 2000     0     7440      0.120      1.074      0.537     0.212
        1 2001     0     7440      0.132      1.076      0.612     0.206
        2 2001     0     6720      0.173      1.089      0.633     0.210
        3 2001     0     7440      0.155      1.117      0.649     0.209
        4 2001     0     7200      0.123      1.077      0.598     0.210
        5 2001     0     7440      0.083      0.946      0.518     0.212
        6 2001     0     7200      0.148      1.030      0.572     0.211
        7 2001     0     7440      0.100      1.000      0.563     0.210
        8 2001     0     7440      0.128      1.019      0.560     0.202
        9 2001     0     7200      0.048      1.005      0.568     0.207
       10 2001     0     7440      0.092      1.014      0.511     0.210
       11 2001     0     7200     -0.037      0.895      0.463     0.213
       12 2001     0     7440      0.063      0.982      0.474     0.207
        1 2002     0     7440      0.039      0.966      0.464     0.212
        2 2002     0     6720      0.076      0.969      0.519     0.205
        3 2002     0     7440      0.112      1.075      0.581     0.220
        4 2002     0     7200      0.106      1.073      0.607     0.210
        5 2002     0     7440      0.085      1.012      0.572     0.201
        6 2002     0     7200      0.080      0.898      0.520     0.201
        7 2002     0     7440      0.163      1.024      0.555     0.202
        8 2002     0     7440      0.118      0.995      0.513     0.206
        9 2002     0     7200     -0.063      0.901      0.487     0.208
       10 2002     0     7440      0.140      1.107      0.600     0.202
       11 2002     0     7200      0.134      1.090      0.617     0.205
       12 2002     0     7440      0.150      1.074      0.564     0.206
        1 2003     0     7440      0.199      0.976      0.600     0.198
        2 2003     0     6720      0.121      1.035      0.597     0.208
        3 2003     0     7440      0.067      1.016      0.544     0.205
        4 2003     0     7200      0.090      1.041      0.558     0.205
        5 2003     0     7440      0.055      1.023      0.511     0.198
        6 2003     0     7200      0.071      0.957      0.530     0.201
        7 2003     0     7440      0.141      1.001      0.539     0.199
        8 2003     0     7440      0.180      1.011      0.573     0.202
        9 2003     0     7200      0.113      1.002      0.551     0.205
       10 2003     0     7440      0.074      1.078      0.546     0.212
       11 2003     0     7200      0.093      1.033      0.567     0.199
       12 2003     0     7440      0.197      1.067      0.595     0.196
        1 2004     0     7440      0.168      1.050      0.606     0.199
        2 2004     0     6960      0.213      1.006      0.586     0.198
        3 2004     0     7440      0.208      1.037      0.604     0.192
        4 2004     0     7200      0.158      1.074      0.574     0.198
        5 2004     0     7440      0.099      1.022      0.579     0.194
        6 2004     0     7200      0.132      0.966      0.508     0.198
        7 2004     0     7440      0.088      0.979      0.492     0.200
        8 2004     0     7440      0.150      0.996      0.555     0.202
        9 2004     0     7200      0.134      0.987      0.558     0.205
       10 2004     0     7440      0.121      0.999      0.553     0.205
       11 2004     0     7200      0.047      0.942      0.504     0.197
       12 2004     0     7440      0.056      0.933      0.516     0.195
        1 2005     0     7440      0.120      1.007      0.569     0.204
        2 2005     0     6720      0.139      1.382      0.619     0.220
        3 2005     0     7440      0.116      1.107      0.596     0.209
        4 2005     0     7200      0.195      1.088      0.660     0.205
        5 2005     0     7440      0.009      0.909      0.506     0.199
        6 2005     0     7200      0.069      0.890      0.465     0.201
        7 2005     0     7440      0.185      1.054      0.558     0.204
        8 2005   292     7148      0.131      1.032      0.543     0.201
        9 2005     0     7200      0.124      1.008      0.558     0.200
       10 2005     0     7440      0.132      1.059      0.571     0.205
       11 2005     0     7200      0.218      1.038      0.625     0.198
       12 2005     0     7440      0.161      0.994      0.547     0.198
        1 2006     0     7440      0.130      1.235      0.617     0.213
        2 2006     0     6720      0.276      1.202      0.727     0.200
        3 2006     0     7440      0.212      1.198      0.674     0.215
        4 2006     0     7200      0.213      1.143      0.684     0.205
        5 2006     0     7440      0.249      1.073      0.684     0.194
        6 2006     0     7200      0.255      1.040      0.656     0.187
        7 2006     0     7440      0.259      1.098      0.656     0.192
        8 2006     0     7440      0.147      1.040      0.620     0.198
        9 2006     0     7200      0.159      1.120      0.639     0.203
       10 2006     0     7440      0.108      1.108      0.570     0.211
       11 2006     0     7200      0.077      1.002      0.581     0.207
       12 2006     0     7440      0.284      1.134      0.725     0.202
        1 2007     0     7440      0.381      1.179      0.763     0.197
        2 2007     0     6720      0.231      1.169      0.687     0.204
        3 2007     0     7440      0.151      1.129      0.659     0.201
        4 2007     0     7200      0.185      1.182      0.613     0.206
        5 2007     0     7440      0.210      1.129      0.640     0.195
        6 2007     0     7200      0.224      1.028      0.591     0.193
        7 2007     0     7440      0.141      0.954      0.539     0.196
        8 2007     0     7440      0.229      1.083      0.624     0.203
        9 2007     0     7200      0.140      1.124      0.626     0.209
       10 2007     0     7440      0.152      1.186      0.618     0.210
       11 2007     0     7200      0.245      1.260      0.690     0.206
       12 2007     0     7440      0.211      1.181      0.663     0.206
        1 2008     0     7440      0.195      1.169      0.621     0.203
        2 2008     0     6960      0.214      1.052      0.623     0.205
        3 2008     0     7440      0.191      1.112      0.638     0.201
        4 2008     0     7200      0.223      1.157      0.651     0.196
        5 2008     0     7440      0.217      1.158      0.674     0.198
        6 2008     0     7200      0.206      1.112      0.639     0.204
        7 2008     0     7440      0.175      1.010      0.590     0.203
        8 2008     0     7440      0.124      0.979      0.565     0.206
        9 2008     0     7200      0.188      1.071      0.626     0.205
       10 2008     0     7440      0.213      1.145      0.654     0.203
       11 2008     0     7200      0.191      1.160      0.640     0.203
       12 2008     0     7440      0.187      1.116      0.648     0.202
        1 2009     0     7440      0.255      1.160      0.667     0.204
        2 2009     0     6720      0.241      1.146      0.687     0.211
        3 2009     0     7440      0.228      1.144      0.710     0.214
        4 2009     0     7200      0.166      1.098      0.610     0.210
        5 2009     0     7440      0.092      0.994      0.548     0.208
        6 2009     0     7200      0.068      1.060      0.576     0.209
        7 2009     0     7440      0.174      1.124      0.613     0.205
        8 2009     0     7440      0.224      1.107      0.603     0.204
        9 2009     0     7200      0.217      1.065      0.623     0.205
       10 2009     0     7440      0.196      1.072      0.611     0.200
       11 2009     0     7200      0.142      1.011      0.547     0.203
       12 2009     0     7440      0.136      1.086      0.645     0.212
        1 2010     0     7440      0.250      1.185      0.691     0.215
        2 2010     0     6720      0.245      1.169      0.642     0.212
        3 2010     0     7440      0.154      1.112      0.577     0.222
        4 2010     0     7200      0.158      1.059      0.619     0.211
        5 2010     0     7440      0.000      0.931      0.465     0.208
        6 2010  6848      352      0.208      0.854      0.505     0.207
        7 2010  7440        0
        8 2010  7440        0
        9 2010  6439      761      0.242      0.936      0.595     0.207
       10 2010     0     7440      0.121      1.054      0.562     0.214
       11 2010     0     7200      0.131      1.017      0.593     0.212
       12 2010     0     7440      0.206      1.027      0.638     0.212
        1 2011     0     7440      0.243      1.177      0.643     0.210
        2 2011     0     6720      0.157      1.093      0.613     0.210
        3 2011     0     7440      0.169      1.126      0.640     0.203
        4 2011     0     7200      0.224      1.163      0.672     0.203
        5 2011     0     7440      0.201      1.059      0.626     0.202
        6 2011     0     7200      0.180      1.008      0.604     0.202
        7 2011     0     7440      0.239      1.098      0.688     0.205
        8 2011     0     7440      0.239      1.225      0.715     0.208
        9 2011     0     7200      0.198      1.134      0.658     0.209
       10 2011     0     7440      0.204      1.187      0.658     0.212
       11 2011     0     7200      0.264      1.139      0.732     0.201
       12 2011     0     7440      0.263      1.169      0.681     0.205
        1 2012     0     7440      0.331      1.121      0.708     0.205
        2 2012     0     6960      0.314      1.162      0.718     0.208
        3 2012     0     7440      0.207      1.152      0.662     0.211
        4 2012     0     7200      0.154      1.136      0.635     0.213
        5 2012     0     7440      0.212      1.150      0.712     0.210
        6 2012     0     7200      0.187      1.087      0.646     0.214
        7 2012     0     7440      0.198      1.040      0.619     0.210
        8 2012  7189      251      0.274      0.953      0.617     0.210
        9 2012  7200        0
       10 2012  4562     2878      0.252      1.105      0.660     0.207
       11 2012     0     7200      0.200      1.108      0.668     0.208
       12 2012     0     7440      0.262      1.236      0.700     0.218
        1 2013     0     7440      0.098      0.994      0.540     0.210
        2 2013     0     6720      0.137      0.978      0.576     0.210
        3 2013     0     7440      0.209      1.102      0.620     0.215
        4 2013     0     7200      0.137      1.045      0.609     0.214
        5 2013     0     7440      0.150      1.031      0.561     0.212
        6 2013     0     7200      0.161      1.049      0.603     0.209
        7 2013     0     7440      0.127      0.999      0.564     0.210
        8 2013     0     7440      0.135      1.018      0.582     0.212
        9 2013     0     7200      0.195      1.084      0.633     0.211
       10 2013     0     7440      0.225      1.107      0.640     0.215
       11 2013     0     7200      0.192      1.091      0.590     0.213
       12 2013     0     7440      0.072      0.976      0.549     0.211
        1 2014     0     7440      0.168      1.126      0.654     0.224
        2 2014     0     6720      0.199      1.144      0.646     0.222
        3 2014     0     7440      0.167      1.126      0.643     0.225
        4 2014     0     7200      0.194      1.058      0.604     0.211
        5 2014     0     7440      0.157      0.969      0.565     0.204
        6 2014     0     7200      0.167      1.008      0.584     0.202
        7 2014     0     7440      0.251      1.145      0.653     0.210
        8 2014     0     7440      0.138      1.093      0.596     0.212
        9 2014     0     7200      0.138      1.071      0.606     0.214
       10 2014     0     7440      0.180      1.110      0.641     0.214
       11 2014     0     7200      0.132      1.040      0.565     0.215
       12 2014     0     7440      0.240      1.101      0.647     0.214
        1 2015     0     7440      0.137      1.069      0.582     0.216
        2 2015     0     6720      0.189      1.153      0.612     0.220
        3 2015     0     7440      0.226      1.214      0.694     0.209
        4 2015     0     7200      0.240      1.138      0.665     0.203
        5 2015     0     7440      0.176      1.119      0.626     0.203
        6 2015     0     7200      0.211      1.033      0.616     0.203
        7 2015     0     7440      0.096      0.950      0.501     0.208
        8 2015     0     7440      0.088      1.030      0.577     0.219
        9 2015     0     7200      0.066      1.046      0.561     0.221
       10 2015     0     7440      0.093      1.125      0.617     0.227
       11 2015     0     7200      0.149      1.029      0.564     0.212
       12 2015     0     7440      0.166      1.073      0.588     0.218
        1 2016     0     7440      0.242      1.163      0.670     0.210
        2 2016     0     6960      0.240      1.141      0.690     0.216
        3 2016     0     7440      0.224      1.224      0.687     0.224
        4 2016     0     7200      0.011      1.016      0.548     0.215
        5 2016     0     7440      0.141      1.092      0.614     0.213
        6 2016     0     7200      0.063      1.015      0.540     0.213
        7 2016     0     7440      0.189      1.020      0.610     0.214
        8 2016     0     7440      0.277      1.179      0.684     0.211
        9 2016     0     7200      0.143      1.126      0.624     0.215
       10 2016     0     7440      0.208      1.187      0.693     0.213
       11 2016     0     7200      0.061      1.072      0.578     0.211
       12 2016     0     7440      0.208      1.148      0.677     0.220
        1 2017     0     7440      0.269      1.141      0.694     0.214
        2 2017     0     6720      0.269      1.087      0.673     0.215
        3 2017     0     7440      0.115      1.090      0.593     0.216
        4 2017     0     7200      0.160      1.200      0.663     0.225
        5 2017     0     7440      0.073      1.090      0.623     0.216
        6 2017     0     7200      0.127      1.096      0.595     0.215
        7 2017     0     7440      0.272      1.121      0.654     0.213
        8 2017     0     7440      0.276      1.122      0.683     0.213
        9 2017     0     7200      0.232      1.100      0.631     0.217
       10 2017     0     7440      0.086      0.994      0.567     0.208
       11 2017     0     7200      0.074      1.039      0.591     0.210
       12 2017     0     7440      0.195      1.165      0.660     0.214
        1 2018     0     7440      0.174      1.112      0.612     0.211
        2 2018     0     6720      0.210      1.113      0.628     0.215
        3 2018     0     7440      0.207      1.049      0.624     0.208
        4 2018     0     7200      0.110      0.976      0.565     0.200
        5 2018     0     7440      0.081      0.976      0.547     0.199
        6 2018     0     7200      0.226      1.133      0.626     0.200
        7 2018     0     7440      0.092      1.024      0.559     0.207
        8 2018     0     7440      0.087      1.011      0.540     0.210
        9 2018     0     7200      0.166      1.015      0.611     0.213
       10 2018     0     7440      0.179      1.104      0.634     0.212
       11 2018     0     7200      0.230      1.133      0.655     0.215
       12 2018     0     7440      0.189      1.113      0.671     0.210
        1 2019     0     7440      0.266      1.188      0.718     0.212
        2 2019     0     6720      0.223      1.171      0.683     0.218
        3 2019     0     7440      0.292      1.165      0.701     0.201
        4 2019     0     7200      0.180      1.055      0.660     0.203
        5 2019     0     7440      0.254      1.129      0.667     0.200
        6 2019     0     7200      0.241      1.063      0.651     0.197
        7 2019     0     7440      0.172      1.056      0.638     0.205
        8 2019     0     7440      0.198      1.068      0.613     0.213
        9 2019     0     7200      0.118      1.102      0.644     0.220
       10 2019     0     7440      0.123      1.214      0.629     0.226
       11 2019     0     7200      0.260      1.160      0.682     0.213
       12 2019     0     7440      0.182      1.015      0.639     0.205
        1 2020     0     7440      0.232      1.105      0.651     0.207
        2 2020     0     6960      0.308      1.204      0.701     0.205
        3 2020     0     7440      0.234      1.197      0.714     0.212
        4 2020     0     7200      0.257      1.257      0.677     0.218
        5 2020     0     7440      0.122      1.025      0.612     0.201
        6 2020     0     7200      0.207      1.066      0.647     0.202
        7 2020     0     7440      0.218      1.042      0.635     0.204
        8 2020     0     7440      0.124      0.992      0.578     0.201
        9 2020     0     7200      0.206      1.127      0.641     0.204
       10 2020     0     7440      0.207      1.170      0.638     0.207
       11 2020     0     7200      0.109      1.055      0.561     0.203
       12 2020     0     7440      0.162      1.001      0.581     0.199
        1 2021     0     7440      0.205      1.071      0.632     0.203
        2 2021     0     6720      0.314      1.121      0.714     0.200
        3 2021     1     7439      0.276      1.235      0.721     0.215
        4 2021     0     7200      0.233      1.227      0.736     0.210
        5 2021     1     7439      0.263      1.258      0.728     0.209
        6 2021     0     7200      0.265      1.165      0.727     0.193
        7 2021     0     7440      0.357      1.166      0.726     0.195
        8 2021    21     7419      0.375      1.143      0.729     0.198
        9 2021     0     7200      0.248      1.059      0.670     0.193
       10 2021     0     7440      0.279      1.189      0.691     0.199
       11 2021     1     7199      0.210      1.174      0.703     0.201
       12 2021     5     7435      0.331      1.236      0.736     0.201
        1 2022     0     7440      0.331      1.201      0.744     0.210
        2 2022     0     6720      0.248      1.060      0.662     0.200
        3 2022     0     7440      0.328      1.157      0.728     0.205
        4 2022     0     7200      0.352      1.261      0.817     0.208
        5 2022     2     7438      0.290      1.219      0.773     0.201
        6 2022     0     7200      0.322      1.172      0.771     0.191
        7 2022     0     7440      0.373      1.179      0.765     0.189
        8 2022     1     7439      0.304      1.143      0.712     0.193
        9 2022     0     7200      0.297      1.248      0.700     0.202
       10 2022     0     7440      0.276      1.142      0.704     0.203
       11 2022     0     7200      0.203      1.064      0.643     0.199
       12 2022     0     7440      0.297      1.148      0.710     0.194
        1 2023     0     7440      0.217      1.086      0.684     0.196
        2 2023     1     6719      0.326      1.206      0.734     0.201
      Totals   63617  2572783

      Mean sea level =  0.606  (Average monthly means = 0.605)

      Maximum recorded level of  1.623 metres at 0230 hours 09/12/1997
      Minimum recorded level of -0.105 metres at 1518 hours 06/11/1994
      Standard deviation of the observations =  0.2202 metres 
      Skewness                               =  0.0212
