


      Monthly sea levels for KIRIBATI
      -------------------------------

      Mth Year  Gaps     Good     Minimum    Maximum     Mean     St Devn
       12 1992  3360     4080      0.681      2.734      1.679     0.477
        1 1993  7440        0
        2 1993  6720        0
        3 1993  6480      960      0.856      2.424      1.649     0.392
        4 1993     0     7200      0.515      2.849      1.627     0.501
        5 1993  4800     2640      0.524      2.717      1.607     0.568
        6 1993  7200        0
        7 1993   240     7200      0.594      2.687      1.628     0.472
        8 1993     0     7440      0.589      2.876      1.670     0.501
        9 1993     0     7200      0.477      2.805      1.644     0.516
       10 1993     0     7440      0.517      2.891      1.675     0.508
       11 1993     0     7200      0.575      2.923      1.648     0.495
       12 1993     0     7440      0.615      2.760      1.666     0.482
        1 1994  3120     4320      0.702      2.788      1.688     0.498
        2 1994  6720        0
        3 1994  7440        0
        4 1994  6366      834      0.650      2.744      1.669     0.551
        5 1994     0     7440      0.587      2.816      1.612     0.476
        6 1994   260     6940      0.603      2.726      1.600     0.468
        7 1994     0     7440      0.726      2.803      1.676     0.474
        8 1994     0     7440      0.673      2.735      1.698     0.478
        9 1994     0     7200      0.645      2.846      1.739     0.508
       10 1994     0     7440      0.570      2.916      1.698     0.517
       11 1994     0     7200      0.587      2.927      1.715     0.501
       12 1994   480     6960      0.586      2.959      1.735     0.500
        1 1995     0     7440      0.618      2.871      1.675     0.528
        2 1995     0     6720      0.538      2.812      1.608     0.507
        3 1995   720     6720      0.439      2.731      1.564     0.510
        4 1995     0     7200      0.480      2.713      1.586     0.505
        5 1995     0     7440      0.521      2.752      1.590     0.481
        6 1995     0     7200      0.508      2.767      1.565     0.468
        7 1995     0     7440      0.514      2.787      1.582     0.487
        8 1995     0     7440      0.470      2.691      1.576     0.500
        9 1995     0     7200      0.489      2.664      1.584     0.516
       10 1995     0     7440      0.532      2.785      1.623     0.521
       11 1995     0     7200      0.530      2.827      1.616     0.509
       12 1995   240     7200      0.550      2.889      1.656     0.479
        1 1996     0     7440      0.538      2.947      1.659     0.494
        2 1996     0     6960      0.429      2.861      1.614     0.522
        3 1996     0     7440      0.493      2.739      1.616     0.516
        4 1996     0     7200      0.536      2.652      1.596     0.508
        5 1996     0     7440      0.630      2.691      1.621     0.496
        6 1996     0     7200      0.525      2.785      1.590     0.485
        7 1996     0     7440      0.446      2.812      1.599     0.507
        8 1996     0     7440      0.420      2.820      1.616     0.519
        9 1996     0     7200      0.569      2.826      1.642     0.516
       10 1996     0     7440      0.573      2.711      1.622     0.507
       11 1996     0     7200      0.641      2.729      1.662     0.491
       12 1996   328     7112      0.716      2.856      1.714     0.467
        1 1997     0     7440      0.694      2.968      1.759     0.496
        2 1997     0     6720      0.586      2.961      1.712     0.527
        3 1997     0     7440      0.580      2.986      1.821     0.519
        4 1997     0     7200      0.593      2.891      1.744     0.518
        5 1997     0     7440      0.687      2.818      1.675     0.497
        6 1997     0     7200      0.615      2.746      1.662     0.488
        7 1997     0     7440      0.628      2.814      1.665     0.483
        8 1997     0     7440      0.534      2.906      1.685     0.508
        9 1997     0     7200      0.463      2.847      1.651     0.522
       10 1997     0     7440      0.485      2.869      1.641     0.521
       11 1997     0     7200      0.491      2.671      1.537     0.503
       12 1997     0     7440      0.450      2.573      1.503     0.500
        1 1998     0     7440      0.302      2.604      1.435     0.517
        2 1998     0     6720      0.167      2.648      1.370     0.518
        3 1998     0     7440      0.193      2.596      1.407     0.540
        4 1998     0     7200      0.236      2.587      1.400     0.518
        5 1998     0     7440      0.418      2.589      1.440     0.474
        6 1998     0     7200      0.563      2.522      1.480     0.463
        7 1998     0     7440      0.552      2.547      1.479     0.469
        8 1998     0     7440      0.457      2.603      1.496     0.475
        9 1998   260     6940      0.365      2.732      1.520     0.519
       10 1998     0     7440      0.285      2.663      1.491     0.513
       11 1998     0     7200      0.326      2.756      1.552     0.509
       12 1998     0     7440      0.542      2.834      1.605     0.509
        1 1999     0     7440      0.511      2.683      1.541     0.500
        2 1999     0     6720      0.417      2.710      1.535     0.508
        3 1999     0     7440      0.459      2.732      1.578     0.528
        4 1999     0     7200      0.430      2.757      1.575     0.508
        5 1999     0     7440      0.551      2.824      1.598     0.494
        6 1999   745     6455      0.561      2.772      1.586     0.497
        7 1999     0     7440      0.480      2.656      1.587     0.476
        8 1999     0     7440      0.586      2.740      1.621     0.498
        9 1999     0     7200      0.513      2.760      1.602     0.524
       10 1999     0     7440      0.471      2.681      1.591     0.503
       11 1999   286     6914      0.515      2.896      1.628     0.513
       12 1999     0     7440      0.569      2.814      1.643     0.477
        1 2000     0     7440      0.527      2.850      1.654     0.479
        2 2000     0     6960      0.505      2.852      1.601     0.506
        3 2000     0     7440      0.542      2.698      1.612     0.509
        4 2000     0     7200      0.604      2.706      1.608     0.506
        5 2000     0     7440      0.588      2.741      1.625     0.495
        6 2000     0     7200      0.576      2.775      1.614     0.472
        7 2000     0     7440      0.542      2.834      1.631     0.498
        8 2000     0     7440      0.565      2.867      1.643     0.512
        9 2000     0     7200      0.532      2.736      1.659     0.512
       10 2000     0     7440      0.634      2.693      1.635     0.509
       11 2000     0     7200      0.633      2.766      1.645     0.486
       12 2000     0     7440      0.691      2.873      1.662     0.476
        1 2001     0     7440      0.554      2.845      1.628     0.481
        2 2001     0     6720      0.495      2.864      1.618     0.501
        3 2001     0     7440      0.515      2.884      1.666     0.516
        4 2001     0     7200      0.580      2.815      1.637     0.507
        5 2001     0     7440      0.615      2.695      1.634     0.489
        6 2001     0     7200      0.679      2.711      1.635     0.476
        7 2001     0     7440      0.650      2.826      1.698     0.468
        8 2001     0     7440      0.596      2.900      1.705     0.485
        9 2001     0     7200      0.534      2.952      1.700     0.513
       10 2001     0     7440      0.490      2.835      1.674     0.518
       11 2001     0     7200      0.636      2.817      1.693     0.494
       12 2001     0     7440      0.816      2.848      1.791     0.478
        1 2002     0     7440      0.567      2.872      1.720     0.494
        2 2002     0     6720      0.473      2.927      1.660     0.499
        3 2002     0     7440      0.550      2.960      1.713     0.537
        4 2002     0     7200      0.451      2.758      1.652     0.507
        5 2002     0     7440      0.629      2.837      1.640     0.478
        6 2002     0     7200      0.775      2.651      1.660     0.455
        7 2002     0     7440      0.844      2.855      1.769     0.455
        8 2002     0     7440      0.629      2.955      1.752     0.483
        9 2002     0     7200      0.625      2.954      1.747     0.502
       10 2002     0     7440      0.625      2.932      1.803     0.511
       11 2002     0     7200      0.607      2.933      1.721     0.496
       12 2002     0     7440      0.786      2.891      1.725     0.480
        1 2003     0     7440      0.676      2.743      1.647     0.476
        2 2003  4280     2440      0.518      2.853      1.633     0.624
        3 2003   720     6720      0.437      2.774      1.592     0.545
        4 2003     0     7200      0.485      2.893      1.619     0.520
        5 2003     0     7440      0.556      2.797      1.602     0.486
        6 2003   260     6940      0.684      2.766      1.651     0.447
        7 2003     0     7440      0.641      2.697      1.656     0.463
        8 2003     0     7440      0.643      2.814      1.704     0.499
        9 2003     0     7200      0.592      2.863      1.677     0.515
       10 2003  4580     2860      0.705      2.626      1.666     0.496
       11 2003  7200        0
       12 2003  2165     5275      0.597      2.807      1.687     0.467
        1 2004     0     7440      0.685      2.889      1.732     0.468
        2 2004     0     6960      0.597      2.826      1.645     0.494
        3 2004     0     7440      0.576      2.746      1.650     0.500
        4 2004     0     7200      0.620      2.848      1.735     0.508
        5 2004     0     7440      0.634      2.876      1.657     0.482
        6 2004     0     7200      0.606      2.764      1.701     0.459
        7 2004  3099     4341      0.638      2.893      1.740     0.515
        8 2004     0     7440      0.631      2.899      1.748     0.500
        9 2004     0     7200      0.637      2.754      1.729     0.514
       10 2004     0     7440      0.696      2.889      1.743     0.511
       11 2004     0     7200      0.681      2.885      1.741     0.469
       12 2004     0     7440      0.764      2.935      1.760     0.460
        1 2005     0     7440      0.552      2.880      1.698     0.478
        2 2005     0     6720      0.550      3.024      1.753     0.516
        3 2005     0     7440      0.518      2.923      1.663     0.519
        4 2005     0     7200      0.505      2.719      1.588     0.502
        5 2005     0     7440      0.670      2.655      1.612     0.465
        6 2005     0     7200      0.603      2.667      1.615     0.447
        7 2005     0     7440      0.626      2.832      1.633     0.444
        8 2005     0     7440      0.553      2.945      1.684     0.483
        9 2005     0     7200      0.430      2.893      1.670     0.511
       10 2005     0     7440      0.555      2.799      1.680     0.522
       11 2005     0     7200      0.701      2.730      1.686     0.479
       12 2005     0     7440      0.683      2.778      1.662     0.468
        1 2006     0     7440      0.492      2.869      1.644     0.501
        2 2006     0     6720      0.453      2.977      1.634     0.501
        3 2006     0     7440      0.483      2.960      1.649     0.546
        4 2006     0     7200      0.658      2.769      1.644     0.498
        5 2006     0     7440      0.730      2.617      1.638     0.457
        6 2006  4360     2840      0.781      2.613      1.647     0.388
        7 2006  1200     6240      0.698      2.801      1.697     0.480
        8 2006     0     7440      0.621      2.916      1.745     0.481
        9 2006     0     7200      0.558      2.964      1.722     0.502
       10 2006     0     7440      0.634      2.955      1.788     0.494
       11 2006     0     7200      0.727      2.940      1.766     0.483
       12 2006     0     7440      0.751      2.710      1.691     0.456
        1 2007     0     7440      0.706      2.846      1.659     0.475
        2 2007     0     6720      0.497      2.973      1.642     0.513
        3 2007     0     7440      0.463      2.913      1.619     0.524
        4 2007     0     7200      0.527      2.879      1.635     0.496
        5 2007     0     7440      0.605      2.792      1.632     0.466
        6 2007  3160     4040      0.654      2.672      1.619     0.478
        7 2007  7440        0
        8 2007  1922     5518      0.516      2.800      1.642     0.527
        9 2007     0     7200      0.467      2.805      1.621     0.517
       10 2007     0     7440      0.551      2.837      1.627     0.497
       11 2007     0     7200      0.575      2.831      1.638     0.477
       12 2007     0     7440      0.591      2.672      1.641     0.454
        1 2008     0     7440      0.652      2.817      1.620     0.466
        2 2008     0     6960      0.539      2.714      1.590     0.512
        3 2008     0     7440      0.486      2.767      1.607     0.503
        4 2008     0     7200      0.521      2.804      1.634     0.496
        5 2008     0     7440      0.585      2.781      1.627     0.469
        6 2008     0     7200      0.591      2.710      1.615     0.454
        7 2008     0     7440      0.550      2.683      1.599     0.472
        8 2008     0     7440      0.624      2.755      1.612     0.504
        9 2008     0     7200      0.567      2.699      1.614     0.516
       10 2008     0     7440      0.586      2.805      1.625     0.489
       11 2008     0     7200      0.587      2.753      1.592     0.457
       12 2008     0     7440      0.570      2.768      1.626     0.461
        1 2009     0     7440      0.589      2.963      1.660     0.482
        2 2009     0     6720      0.487      2.871      1.632     0.508
        3 2009     0     7440      0.514      2.839      1.646     0.525
        4 2009     0     7200      0.618      2.717      1.643     0.500
        5 2009     0     7440      0.661      2.712      1.646     0.462
        6 2009     0     7200      0.608      2.986      1.655     0.468
        7 2009     0     7440      0.568      2.958      1.699     0.472
        8 2009     0     7440      0.602      2.960      1.766     0.491
        9 2009     0     7200      0.673      2.985      1.790     0.512
       10 2009     0     7440      0.818      2.951      1.823     0.504
       11 2009     0     7200      0.778      2.899      1.769     0.476
       12 2009     0     7440      0.707      2.940      1.802     0.472
        1 2010     0     7440      0.540      2.976      1.712     0.505
        2 2010     0     6720      0.407      3.006      1.668     0.514
        3 2010     0     7440      0.393      3.054      1.601     0.547
        4 2010     0     7200      0.592      2.637      1.570     0.492
        5 2010     0     7440      0.684      2.589      1.565     0.459
        6 2010     0     7200      0.623      2.557      1.554     0.450
        7 2010   478     6962      0.554      2.729      1.579     0.473
        8 2010  1299     6141      0.464      2.771      1.561     0.478
        9 2010   271     6929      0.383      2.876      1.578     0.511
       10 2010     0     7440      0.505      2.818      1.625     0.496
       11 2010     0     7200      0.582      2.742      1.644     0.484
       12 2010     0     7440      0.598      2.764      1.636     0.477
        1 2011     0     7440      0.630      2.901      1.677     0.494
        2 2011     0     6720      0.520      2.984      1.677     0.518
        3 2011     0     7440      0.386      2.941      1.680     0.523
        4 2011     0     7200      0.563      2.977      1.682     0.505
        5 2011     0     7440      0.681      2.784      1.679     0.465
        6 2011     0     7200      0.658      2.685      1.659     0.460
        7 2011     0     7440      0.655      2.794      1.673     0.484
        8 2011     0     7440      0.560      2.854      1.704     0.513
        9 2011     0     7200      0.455      2.871      1.651     0.524
       10 2011  3798     3642      0.610      2.891      1.688     0.526
       11 2011     0     7200      0.635      2.880      1.683     0.477
       12 2011     0     7440      0.663      2.793      1.640     0.466
        1 2012     0     7440      0.702      2.805      1.669     0.485
        2 2012     0     6960      0.589      2.864      1.659     0.521
        3 2012     0     7440      0.527      2.893      1.673     0.500
        4 2012     0     7200      0.592      2.940      1.715     0.498
        5 2012     0     7440      0.579      2.943      1.692     0.491
        6 2012     0     7200      0.621      2.884      1.674     0.487
        7 2012   236     7204      0.679      2.843      1.709     0.489
        8 2012  2160     5280      0.665      2.948      1.710     0.511
        9 2012     0     7200      0.611      2.860      1.738     0.516
       10 2012     0     7440      0.642      2.909      1.750     0.508
       11 2012     0     7200      0.600      2.928      1.711     0.481
       12 2012     0     7440      0.619      2.878      1.711     0.484
        1 2013     0     7440      0.568      2.904      1.695     0.510
        2 2013     0     6720      0.568      2.899      1.682     0.525
        3 2013     0     7440      0.585      2.774      1.644     0.522
        4 2013     0     7200      0.562      2.836      1.655     0.505
        5 2013     0     7440      0.577      2.872      1.650     0.490
        6 2013     0     7200      0.562      2.855      1.661     0.481
        7 2013     0     7440      0.530      2.857      1.671     0.465
        8 2013     0     7440      0.578      2.913      1.682     0.494
        9 2013     0     7200      0.569      2.794      1.686     0.505
       10 2013     0     7440      0.726      2.778      1.739     0.509
       11 2013     0     7200      0.702      2.922      1.714     0.503
       12 2013     0     7440      0.611      2.831      1.672     0.497
        1 2014     0     7440      0.498      2.915      1.717     0.519
        2 2014     0     6720      0.656      3.051      1.807     0.514
        3 2014     0     7440      0.642      3.120      1.818     0.547
        4 2014     0     7200      0.718      2.851      1.772     0.507
        5 2014     0     7440      0.722      2.820      1.701     0.476
        6 2014     0     7200      0.634      2.810      1.674     0.470
        7 2014     0     7440      0.610      2.934      1.737     0.488
        8 2014     0     7440      0.577      3.019      1.761     0.510
        9 2014     0     7200      0.562      2.940      1.752     0.515
       10 2014  1709     5731      0.782      2.904      1.775     0.466
       11 2014     0     7200      0.718      2.837      1.742     0.508
       12 2014     0     7440      0.704      2.919      1.728     0.490
        1 2015     0     7440      0.589      2.962      1.753     0.500
        2 2015     0     6720      0.610      3.124      1.799     0.528
        3 2015     0     7440      0.592      3.016      1.838     0.528
        4 2015     0     7200      0.645      2.942      1.745     0.504
        5 2015     0     7440      0.786      2.886      1.763     0.491
        6 2015     0     7200      0.791      2.767      1.701     0.469
        7 2015     0     7440      0.690      2.926      1.756     0.492
        8 2015     0     7440      0.560      2.984      1.736     0.529
        9 2015     0     7200      0.598      3.043      1.767     0.534
       10 2015     0     7440      0.575      2.896      1.751     0.519
       11 2015     0     7200      0.672      2.910      1.713     0.498
       12 2015     0     7440      0.803      2.847      1.748     0.483
        1 2016     0     7440      0.556      2.763      1.636     0.497
        2 2016     0     6960      0.441      2.790      1.563     0.517
        3 2016     0     7440      0.398      2.801      1.548     0.513
        4 2016   313     6887      0.373      2.747      1.547     0.520
        5 2016   962     6478      0.483      2.733      1.552     0.481
        6 2016   194     7006      0.526      2.667      1.597     0.475
        7 2016     0     7440      0.647      2.771      1.652     0.494
        8 2016     0     7440      0.661      2.843      1.676     0.514
        9 2016     0     7200      0.540      2.790      1.673     0.515
       10 2016     0     7440      0.545      2.894      1.653     0.525
       11 2016     0     7200      0.501      2.923      1.685     0.501
       12 2016     0     7440      0.636      2.913      1.711     0.495
        1 2017     0     7440      0.568      2.824      1.698     0.514
        2 2017     0     6720      0.567      2.862      1.681     0.519
        3 2017     0     7440      0.586      2.815      1.655     0.534
        4 2017     0     7200      0.608      2.862      1.683     0.505
        5 2017     0     7440      0.553      2.799      1.656     0.491
        6 2017     0     7200      0.590      2.877      1.661     0.483
        7 2017     0     7440      0.662      2.796      1.688     0.465
        8 2017     0     7440      0.671      2.829      1.701     0.479
        9 2017     0     7200      0.606      2.720      1.646     0.513
       10 2017   785     6655      0.596      2.777      1.652     0.499
       11 2017     0     7200      0.608      2.929      1.742     0.512
       12 2017     0     7440      0.608      3.000      1.765     0.504
        1 2018     0     7440      0.554      2.977      1.700     0.513
        2 2018     0     6720      0.572      2.909      1.762     0.505
        3 2018     0     7440      0.636      2.917      1.754     0.544
        4 2018     0     7200      0.693      2.813      1.738     0.517
        5 2018     0     7440      0.687      2.881      1.718     0.491
        6 2018     0     7200      0.692      2.859      1.697     0.469
        7 2018     0     7440      0.721      2.908      1.736     0.484
        8 2018     0     7440      0.655      2.928      1.779     0.502
        9 2018     0     7200      0.637      2.954      1.811     0.524
       10 2018     0     7440      0.746      2.927      1.803     0.511
       11 2018     0     7200      0.767      2.899      1.814     0.500
       12 2018     0     7440      0.716      2.897      1.814     0.479
        1 2019     0     7440      0.755      2.956      1.851     0.493
        2 2019     0     6720      0.658      3.146      1.784     0.519
        3 2019     0     7440      0.562      2.910      1.731     0.503
        4 2019  1528     5672      0.654      2.834      1.712     0.523
        5 2019     0     7440      0.705      2.784      1.702     0.490
        6 2019  1420     5780      0.786      2.760      1.691     0.486
        7 2019     0     7440      0.730      2.903      1.757     0.478
        8 2019     0     7440      0.638      2.956      1.786     0.514
        9 2019     0     7200      0.622      2.958      1.815     0.525
       10 2019     0     7440      0.629      2.912      1.749     0.518
       11 2019     0     7200      0.811      2.928      1.776     0.490
       12 2019     0     7440      0.872      2.856      1.828     0.474
        1 2020     0     7440      0.717      2.893      1.801     0.481
        2 2020     0     6960      0.673      3.017      1.773     0.502
        3 2020     0     7440      0.472      2.959      1.648     0.509
        4 2020     0     7200      0.443      2.819      1.616     0.509
        5 2020     0     7440      0.528      2.801      1.645     0.485
        6 2020     0     7200      0.657      2.722      1.662     0.466
        7 2020     0     7440      0.716      2.719      1.667     0.463
        8 2020     0     7440      0.576      2.868      1.664     0.494
        9 2020     0     7200      0.505      2.874      1.676     0.512
       10 2020     0     7440      0.434      2.896      1.675     0.530
       11 2020     0     7200      0.582      3.018      1.682     0.500
       12 2020     0     7440      0.691      2.898      1.690     0.473
        1 2021     2     7438      0.650      2.809      1.638     0.488
        2 2021     6     6714      0.592      2.945      1.699     0.495
        3 2021    87     7353      0.561      2.955      1.722     0.554
        4 2021   159     7041      0.618      2.939      1.732     0.526
        5 2021     0     7440      0.646      2.864      1.706     0.471
        6 2021   115     7085      0.699      2.842      1.681     0.457
        7 2021     0     7440      0.685      2.716      1.674     0.445
        8 2021     3     7437      0.746      2.757      1.692     0.460
        9 2021  1912     5288      0.590      2.745      1.636     0.491
       10 2021  2825     4615      0.565      2.843      1.671     0.496
       11 2021  1916     5284      0.857      2.596      1.667     0.408
       12 2021     0     7440      0.675      2.894      1.756     0.480
        1 2022     0     7440      0.675      2.990      1.744     0.489
        2 2022     1     6719      0.610      2.927      1.697     0.498
        3 2022     0     7440      0.585      2.835      1.685     0.536
        4 2022     0     7200      0.701      2.878      1.721     0.516
        5 2022     0     7440      0.669      2.755      1.675     0.469
        6 2022     1     7199      0.651      2.756      1.677     0.453
        7 2022     1     7439      0.654      2.873      1.676     0.463
        8 2022     1     7439      0.598      2.863      1.707     0.487
        9 2022     0     7200      0.587      2.906      1.715     0.510
       10 2022     0     7440      0.638      2.822      1.723     0.502
       11 2022     0     7200      0.711      2.854      1.739     0.484
       12 2022   273     7167      0.758      2.902      1.745     0.463
        1 2023     0     7440      0.675      3.030      1.765     0.475
        2 2023     1     6719      0.585      3.031      1.738     0.517
      Totals  126047  2525233

      Mean sea level =  1.670  (Average monthly means = 1.670)

      Maximum recorded level of  3.146 metres at 0518 hours 20/02/2019
      Minimum recorded level of  0.167 metres at 1136 hours 27/02/1998
      Standard deviation of the observations =  0.5018 metres 
      Skewness                               =  0.0514
