


      Monthly air temperatures for KIRIBATI
      -------------------------------------

      Mth Year  Gaps     Good     Minimum    Maximum     Mean     St Devn
       12 1992    72      672     24.900     30.100     28.128     0.824
        1 1993   744        0
        2 1993   672        0
        3 1993   648       96     26.200     30.200     28.708     0.933
        4 1993     1      719     24.900     31.800     28.567     1.113
        5 1993   480      264     24.700     30.800     28.412     1.061
        6 1993   624       96     26.200     30.200     28.708     0.933
        7 1993    24      720     26.300     32.400     30.051     0.939
        8 1993     0      744     26.200     32.200     29.685     1.091
        9 1993     0      720     25.300     32.000     29.281     0.935
       10 1993     0      744     24.800     31.200     28.958     0.916
       11 1993     0      720     25.400     30.900     29.144     0.607
       12 1993     0      744     24.600     30.500     28.842     0.810
        1 1994   312      432     24.500     30.100     28.864     0.674
        2 1994   672        0
        3 1994   648       96     26.200     30.200     28.708     0.933
        4 1994   637       83     26.500     29.100     28.445     0.584
        5 1994     3      741     24.700     30.100     28.713     0.616
        6 1994    63      657     25.100     30.400     28.573     0.714
        7 1994    32      712     25.000     30.500     28.660     0.747
        8 1994     9      735     24.700     30.600     28.377     1.029
        9 1994    59      661     22.400     30.100     28.083     1.134
       10 1994    48      696     24.300     29.900     27.992     1.017
       11 1994    21      699     23.400     30.400     28.345     0.903
       12 1994    69      675     24.400     30.700     28.115     0.841
        1 1995     9      735     24.400     29.500     28.123     0.858
        2 1995     6      666     23.000     29.600     28.218     0.953
        3 1995    81      663     23.900     29.500     28.111     0.843
        4 1995    14      706     24.400     29.600     27.753     0.781
        5 1995     7      737     24.100     27.800     26.510     0.558
        6 1995   720        0
        7 1995   744        0
        8 1995   744        0
        9 1995   720        0
       10 1995   744        0
       11 1995   720        0
       12 1995   744        0
        1 1996   744        0
        2 1996   696        0
        3 1996   744        0
        4 1996   720        0
        5 1996   744        0
        6 1996   720        0
        7 1996   744        0
        8 1996   628      116     25.100     29.000     28.122     0.559
        9 1996     2      718     24.700     29.700     28.198     0.595
       10 1996     4      740     24.200     29.000     28.114     0.611
       11 1996     0      720     25.600     29.300     28.065     0.480
       12 1996    33      711     25.600     29.600     28.443     0.521
        1 1997     0      744     24.900     29.900     28.537     0.728
        2 1997     1      671     24.200     29.400     28.038     0.837
        3 1997    13      731     24.000     30.300     28.444     0.902
        4 1997     4      716     23.900     30.400     28.068     1.148
        5 1997     6      738     23.500     30.000     28.273     1.073
        6 1997     1      719     24.000     29.900     27.870     0.935
        7 1997    11      733     24.500     30.100     28.280     1.021
        8 1997     7      737     23.600     29.200     27.785     0.992
        9 1997     5      715     24.600     29.900     28.130     0.777
       10 1997    14      730     23.800     29.100     27.775     0.786
       11 1997     0      720     24.600     29.900     28.140     0.724
       12 1997     0      744     24.000     29.600     28.310     0.810
        1 1998     0      744     24.100     29.300     28.068     0.684
        2 1998     0      672     25.400     29.000     28.029     0.475
        3 1998     2      742     25.500     29.100     28.240     0.424
        4 1998     1      719     25.300     29.100     28.182     0.537
        5 1998     4      740     25.200     29.100     28.066     0.707
        6 1998     4      716     25.500     29.100     28.225     0.519
        7 1998     1      743     24.000     28.800     28.027     0.460
        8 1998     8      736     26.200     28.500     27.793     0.349
        9 1998    35      685     26.500     28.700     27.852     0.416
       10 1998     3      741     24.500     28.000     27.056     0.430
       11 1998     0      720     25.900     27.900     27.124     0.344
       12 1998     0      744     25.000     28.500     27.508     0.485
        1 1999     0      744     24.800     27.500     26.495     0.381
        2 1999     0      672     25.200     27.300     26.612     0.339
        3 1999     1      743     23.900     27.600     26.548     0.536
        4 1999     1      719     23.800     27.700     26.986     0.483
        5 1999     2      742     23.600     30.300     27.234     0.613
        6 1999    80      640     24.500     28.300     27.459     0.501
        7 1999     3      741     24.900     28.600     27.626     0.484
        8 1999   265      479     25.500     28.400     27.593     0.368
        9 1999   530      190     25.200     32.900     28.496     1.295
       10 1999     3      741     23.500     31.900     28.456     1.106
       11 1999    49      671     23.900     31.700     28.220     1.266
       12 1999     1      743     24.100     31.500     28.013     1.183
        1 2000     6      738     25.000     28.600     27.153     0.436
        2 2000     0      696     23.500     27.500     26.735     0.465
        3 2000     1      743     23.600     27.700     26.790     0.473
        4 2000     9      711     24.900     28.300     27.211     0.530
        5 2000     2      742     24.500     28.600     27.520     0.493
        6 2000     2      718     24.800     29.000     27.835     0.503
        7 2000    12      732     24.200     29.300     27.766     0.662
        8 2000    14      730     24.300     29.200     28.206     0.625
        9 2000     9      711     23.800     29.800     28.456     0.669
       10 2000     7      737     24.300     29.400     28.297     0.541
       11 2000     2      718     25.200     29.700     28.179     0.574
       12 2000    27      717     25.000     28.800     27.811     0.539
        1 2001     0      744     23.200     28.800     27.589     0.727
        2 2001     0      672     24.600     28.400     27.462     0.602
        3 2001     0      744     24.100     28.700     27.629     0.732
        4 2001     0      720     25.300     28.900     27.814     0.637
        5 2001     0      744     24.000     29.200     28.037     0.765
        6 2001     6      714     23.600     29.500     28.486     0.679
        7 2001    15      729     24.000     29.900     28.348     1.021
        8 2001    17      727     24.800     30.800     28.806     0.880
        9 2001    18      702     24.800     30.700     29.050     0.774
       10 2001     6      738     27.300     30.000     28.888     0.443
       11 2001     5      715     25.300     30.000     28.688     0.810
       12 2001     0      744     24.200     29.800     28.220     0.979
        1 2002    11      733     24.000     29.900     28.011     1.189
        2 2002     0      672     24.100     30.000     28.266     1.142
        3 2002     0      744     24.100     29.500     27.876     0.982
        4 2002     1      719     24.300     30.100     28.549     0.795
        5 2002     0      744     24.600     30.700     29.001     0.842
        6 2002     0      720     24.900     30.400     28.714     1.163
        7 2002     0      744     24.800     30.100     28.663     0.882
        8 2002     3      741     23.800     30.200     27.953     1.190
        9 2002     0      720     24.100     30.100     28.103     1.079
       10 2002    45      699     23.000     30.200     28.084     1.017
       11 2002     0      720     24.700     30.100     28.455     1.026
       12 2002     3      741     23.100     30.200     28.154     1.056
        1 2003    17      727     23.600     29.500     27.619     1.161
        2 2003   434      238     23.900     29.600     28.044     1.077
        3 2003    78      666     24.600     29.700     27.874     1.010
        4 2003     0      720     24.400     29.900     28.558     0.830
        5 2003     4      740     25.800     30.000     28.765     0.603
        6 2003    26      694     24.000     30.600     28.723     0.712
        7 2003     0      744     24.800     29.800     28.565     0.913
        8 2003     0      744     24.500     30.400     28.780     0.786
        9 2003     0      720     24.400     30.300     28.806     0.755
       10 2003   458      286     26.900     29.800     28.874     0.439
       11 2003   720        0
       12 2003   217      527     25.300     30.100     29.033     0.547
        1 2004     0      744     25.000     30.200     28.841     0.779
        2 2004     0      696     24.900     29.400     28.483     0.702
        3 2004     0      744     25.000     29.600     27.986     0.828
        4 2004     0      720     24.900     29.700     28.250     0.961
        5 2004     0      744     24.000     30.100     28.824     0.786
        6 2004     0      720     23.300     30.000     28.273     1.098
        7 2004   310      434     24.200     30.100     28.518     0.999
        8 2004     5      739     23.900     30.500     28.640     0.998
        9 2004     0      720     24.800     30.600     29.050     0.956
       10 2004     0      744     25.300     30.900     29.366     0.766
       11 2004     0      720     25.600     30.500     29.257     0.618
       12 2004     0      744     24.600     30.500     28.912     1.026
        1 2005     2      742     24.600     30.100     28.792     1.048
        2 2005     1      671     24.700     30.000     28.690     0.943
        3 2005     3      741     25.100     30.300     28.487     0.966
        4 2005     0      720     24.800     29.500     28.232     0.860
        5 2005     8      736     26.000     30.100     28.491     0.636
        6 2005     1      719     25.800     30.100     28.787     0.585
        7 2005     0      744     24.500     29.900     28.619     0.920
        8 2005     1      743     24.400     30.300     28.728     0.799
        9 2005     0      720     24.400     30.100     28.702     0.825
       10 2005     0      744     25.700     29.800     28.839     0.615
       11 2005     0      720     25.000     29.600     28.552     0.536
       12 2005     1      743     25.500     29.400     28.305     0.684
        1 2006     0      744     24.900     28.800     27.974     0.519
        2 2006     0      672     25.000     28.500     27.629     0.477
        3 2006     6      738     25.000     28.600     27.816     0.500
        4 2006     0      720     24.900     28.800     27.859     0.639
        5 2006    18      726     24.600     30.400     28.403     0.583
        6 2006   437      283     24.900     29.900     28.618     0.602
        7 2006   120      624     24.000     29.800     28.478     0.937
        8 2006     0      744     23.600     30.300     28.739     0.886
        9 2006     0      720     24.400     30.600     28.822     1.027
       10 2006     5      739     24.100     30.900     28.328     1.278
       11 2006     0      720     24.600     30.700     28.848     0.933
       12 2006     0      744     24.000     30.200     28.438     1.059
        1 2007     1      743     24.200     30.000     28.225     1.052
        2 2007     0      672     24.200     29.400     27.886     0.961
        3 2007     1      743     24.200     29.300     28.069     0.926
        4 2007     9      711     25.300     29.200     28.277     0.532
        5 2007     1      743     23.800     30.100     28.039     0.838
        6 2007   321      399     25.700     29.500     28.601     0.649
        7 2007   744        0
        8 2007   195      549     25.600     29.600     28.334     0.563
        9 2007     0      720     24.900     29.800     28.098     0.483
       10 2007     0      744     24.600     28.800     27.790     0.468
       11 2007     0      720     24.000     28.500     27.638     0.475
       12 2007     2      742     25.600     28.400     27.363     0.447
        1 2008     2      742     24.400     27.500     26.655     0.364
        2 2008   576      120     25.300     27.300     26.633     0.296
        3 2008   744        0
        4 2008   362      358     24.600     28.100     27.161     0.473
        5 2008     0      744     23.800     28.700     27.303     0.771
        6 2008     0      720     23.100     28.700     27.527     0.804
        7 2008     0      744     23.800     28.900     27.923     0.629
        8 2008     0      744     24.500     28.800     27.891     0.583
        9 2008     0      720     25.800     29.600     27.927     0.409
       10 2008     1      743     25.100     29.600     28.216     0.432
       11 2008     0      720     23.500     29.100     28.105     0.632
       12 2008     0      744     23.700     28.800     27.793     0.560
        1 2009     0      744     22.200     28.500     27.538     0.745
        2 2009     0      672     25.000     28.300     27.405     0.590
        3 2009     0      744     24.900     29.000     27.655     0.587
        4 2009     0      720     25.400     29.300     28.204     0.521
        5 2009     0      744     24.700     29.600     28.295     0.760
        6 2009     1      719     24.400     30.400     28.338     0.871
        7 2009     0      744     24.700     30.000     28.410     0.952
        8 2009     3      741     24.500     30.900     28.397     1.041
        9 2009     0      720     24.600     31.100     28.909     1.082
       10 2009     0      744     24.400     30.800     28.985     0.908
       11 2009     0      720     23.900     30.600     28.954     1.137
       12 2009     0      744     23.600     30.500     27.864     1.129
        1 2010     0      744     24.000     29.600     28.052     0.982
        2 2010     6      666     23.700     29.800     28.370     1.051
        3 2010     0      744     24.800     29.700     28.085     0.989
        4 2010   327      393     24.800     29.500     28.450     0.690
        5 2010     0      744     25.200     29.600     28.599     0.762
        6 2010     1      719     24.800     29.700     28.369     0.578
        7 2010    48      696     24.800     28.800     27.965     0.458
        8 2010   152      592     26.700     28.400     27.706     0.313
        9 2010    39      681     26.400     28.500     27.534     0.376
       10 2010     6      738     26.400     28.200     27.331     0.303
       11 2010     1      719     23.100     28.200     26.970     0.386
       12 2010     0      744     25.200     27.500     26.824     0.367
        1 2011     0      744     24.000     28.100     26.937     0.443
        2 2011     0      672     25.000     27.800     26.975     0.410
        3 2011     0      744     25.200     28.300     27.510     0.371
        4 2011     0      720     24.600     28.700     27.798     0.518
        5 2011     0      744     25.500     29.100     28.111     0.585
        6 2011     0      720     24.800     29.200     28.123     0.709
        7 2011     0      744     23.900     29.400     28.108     0.853
        8 2011     0      744     24.700     29.300     28.296     0.594
        9 2011     0      720     24.000     29.100     27.989     0.847
       10 2011   382      362     25.600     29.700     28.218     0.512
       11 2011     0      720     24.000     29.200     27.983     0.527
       12 2011     0      744     23.200     28.900     27.479     0.687
        1 2012     0      744     22.900     28.900     27.168     0.730
        2 2012     0      696     24.600     28.500     27.287     0.426
        3 2012     0      744     22.200     29.000     26.619     0.928
        4 2012     0      720     23.500     30.100     27.827     1.085
        5 2012     0      744     24.100     33.500     28.445     0.760
        6 2012     0      720     24.700     30.500     28.576     0.824
        7 2012    23      721     24.600     30.600     28.512     0.994
        8 2012   216      528     24.900     31.100     28.997     0.880
        9 2012     0      720     25.100     32.000     29.291     0.875
       10 2012     0      744     24.700     31.900     29.254     0.804
       11 2012     0      720     25.800     31.000     29.334     0.697
       12 2012     0      744     26.000     32.600     29.749     0.812
        1 2013     0      744     25.900     31.000     29.478     0.670
        2 2013     0      672     25.300     30.600     28.922     0.768
        3 2013     0      744     25.800     30.700     29.080     0.615
        4 2013     0      720     24.100     30.300     28.775     0.913
        5 2013     0      744     26.200     30.200     29.138     0.517
        6 2013     0      720     25.500     30.300     29.093     0.546
        7 2013     2      742     23.300     30.200     28.891     0.675
        8 2013     0      744     26.600     30.500     29.003     0.572
        9 2013     0      720     25.500     30.900     29.120     0.699
       10 2013     0      744     24.100     30.900     29.148     0.777
       11 2013     1      719     26.600     30.100     28.856     0.453
       12 2013     0      744     26.600     32.000     29.537     0.811
        1 2014     0      744     25.700     32.300     29.306     1.006
        2 2014     0      672     25.900     30.900     29.438     0.668
        3 2014     0      744     24.800     31.300     29.349     1.081
        4 2014     0      720     24.700     31.000     28.755     1.103
        5 2014     0      744     26.100     31.400     29.602     0.784
        6 2014     0      720     24.800     32.300     29.152     1.109
        7 2014     0      744     25.100     31.200     29.089     0.818
        8 2014     0      744     25.300     30.600     29.323     0.740
        9 2014     0      720     25.300     30.800     29.374     0.636
       10 2014   170      574     25.600     30.800     28.859     0.701
       11 2014     0      720     24.700     30.800     29.058     0.659
       12 2014     0      744     24.400     30.800     28.609     1.032
        1 2015     0      744     24.300     31.100     28.500     0.972
        2 2015     0      672     24.000     30.900     28.526     1.151
        3 2015     0      744     24.400     32.000     28.388     1.164
        4 2015     6      714     24.000     30.300     28.156     1.045
        5 2015     0      744     24.800     31.000     28.974     1.021
        6 2015     0      720     24.100     31.000     29.133     0.947
        7 2015     0      744     23.700     30.800     29.137     0.786
        8 2015     0      744     24.700     30.800     28.970     0.892
        9 2015     0      720     24.200     30.700     28.754     1.057
       10 2015     0      744     24.800     30.700     28.925     0.879
       11 2015     0      720     24.900     31.300     29.164     0.965
       12 2015     0      744     24.800     31.300     29.111     0.967
        1 2016     0      744     24.500     30.700     28.520     1.056
        2 2016     0      696     24.300     29.900     28.076     1.061
        3 2016     0      744     23.900     30.400     28.232     1.176
        4 2016    31      689     24.400     30.400     28.337     1.016
        5 2016    97      647     25.600     30.300     28.919     0.649
        6 2016    21      699     24.000     30.400     28.946     0.737
        7 2016     0      744     25.700     31.400     28.832     0.624
        8 2016     0      744     24.700     30.200     28.638     0.685
        9 2016     0      720     25.200     30.200     28.865     0.618
       10 2016     0      744     23.000     29.700     28.106     0.599
       11 2016     1      719     24.600     29.100     27.954     0.524
       12 2016     0      744     24.700     30.100     28.167     0.680
        1 2017     0      744     24.800     29.400     28.283     0.519
        2 2017     0      672     25.000     29.200     27.988     0.530
        3 2017     0      744     24.600     30.400     28.038     0.674
        4 2017     0      720     24.600     30.000     28.514     0.659
        5 2017     0      744     24.700     29.900     28.654     0.660
        6 2017     0      720     25.700     30.100     28.912     0.629
        7 2017     0      744     24.200     30.300     28.802     0.926
        8 2017     0      744     24.200     29.900     28.621     0.696
        9 2017     0      720     25.200     29.700     28.690     0.472
       10 2017    78      666     24.600     30.100     28.542     0.603
       11 2017     0      720     25.100     30.200     28.700     0.651
       12 2017     0      744     23.000     29.600     28.128     0.769
        1 2018     0      744     24.000     29.400     28.081     0.617
        2 2018     0      672     24.600     29.400     27.924     0.587
        3 2018     0      744     24.700     29.300     28.095     0.529
        4 2018    12      708     25.100     29.600     28.345     0.596
        5 2018     0      744     25.400     29.900     28.655     0.560
        6 2018     0      720     25.200     30.500     28.750     0.617
        7 2018     0      744     25.000     30.400     28.743     0.740
        8 2018     0      744     24.200     30.800     28.799     1.006
        9 2018     0      720     24.600     31.400     29.141     0.942
       10 2018     0      744     26.100     30.800     29.407     0.645
       11 2018     0      720     23.600     31.400     29.458     0.682
       12 2018     0      744     24.800     31.400     28.972     1.095
        1 2019     0      744     24.600     31.000     28.814     1.053
        2 2019     0      672     24.600     31.200     28.999     0.938
        3 2019     0      744     23.500     29.900     27.678     1.179
        4 2019   153      567     24.300     30.200     27.974     1.142
        5 2019     8      736     23.900     31.000     28.638     1.052
        6 2019   142      578     24.600     31.600     28.703     1.107
        7 2019     1      743     25.000     31.600     29.033     0.933
        8 2019     0      744     25.600     31.500     29.398     0.845
        9 2019     0      720     25.900     31.900     29.539     0.718
       10 2019     0      744     24.400     31.400     29.382     0.938
       11 2019     0      720     23.900     30.900     29.047     0.811
       12 2019    11      733     24.200     31.300     28.983     1.209
        1 2020     0      744     24.200     32.200     29.156     1.178
        2 2020     0      696     24.100     31.200     28.888     1.225
        3 2020     0      744     23.400     30.600     28.528     1.177
        4 2020     0      720     24.900     30.400     28.723     0.823
        5 2020     0      744     25.700     30.800     28.804     0.650
        6 2020     0      720     25.600     30.400     28.778     0.585
        7 2020     0      744     25.000     30.200     28.657     0.719
        8 2020     0      744     25.000     30.200     28.301     0.672
        9 2020     0      720     25.000     29.900     28.486     0.542
       10 2020     0      744     24.400     30.300     28.016     0.575
       11 2020     0      720     24.900     30.000     27.939     0.472
       12 2020    24      720     25.400     28.700     27.610     0.494
        1 2021     0      744     24.200     28.600     26.899     0.788
        2 2021     0      672     23.900     28.900     27.491     0.641
        3 2021     8      736     24.900     29.000     27.644     0.567
        4 2021    15      705     24.700     31.100     28.137     0.805
        5 2021     0      744     24.800     31.100     28.654     0.763
        6 2021    10      710     24.700     30.900     28.391     0.863
        7 2021     0      744     24.400     30.000     28.626     0.673
        8 2021     0      744     24.600     30.400     28.703     0.620
        9 2021   195      525     24.600     29.600     28.590     0.550
       10 2021   285      459     26.700     29.100     28.091     0.433
       11 2021   192      528     25.000     28.900     27.859     0.493
       12 2021    15      729     25.300     29.400     28.013     0.509
        1 2022     0      744     24.900     29.600     28.126     0.658
        2 2022     1      671     22.900     29.400     28.162     0.652
        3 2022     0      744     24.800     28.800     27.569     0.530
        4 2022     0      720     25.200     28.900     27.561     0.476
        5 2022     0      744     24.800     28.900     27.684     0.431
        6 2022     0      720     24.400     29.000     27.848     0.481
        7 2022     0      744     23.900     28.700     27.570     0.648
        8 2022     0      744     24.400     28.800     27.819     0.549
        9 2022     0      720     23.900     28.900     27.859     0.653
       10 2022     0      744     23.700     28.900     27.843     0.605
       11 2022     0      720     24.500     29.100     27.560     0.520
       12 2022    28      716     25.600     29.600     28.014     0.443
        1 2023     0      744     24.600     28.800     27.794     0.627
        2 2023     0      672     23.900     29.800     27.631     0.765
      Totals   26689   238439

      Mean air temperature = 28.312  (Average monthly means =28.311)

      Maximum recorded temperature of 33.500 deg C at 0500 hours 20/05/2012
      Minimum recorded temperature of 22.200 deg C at 2100 hours 22/01/2009
      Standard deviation of the observations =  1.0157 deg C  
      Skewness                               = -0.5267
