


      Monthly water temperatures for TONGA
      ------------------------------------

      Mth Year  Gaps     Good     Minimum    Maximum     Mean     St Devn
        1 1993   480      264     25.400     25.800     25.555     0.086
        2 1993     0      672     25.700     29.100     27.009     0.719
        3 1993     0      744     26.400     30.300     27.395     0.712
        4 1993     0      720     24.900     29.000     26.210     0.956
        5 1993     0      744     23.400     26.700     24.646     0.821
        6 1993     0      720     23.200     24.900     23.749     0.356
        7 1993     0      744     21.300     23.500     22.312     0.530
        8 1993     0      744     21.500     23.400     22.414     0.317
        9 1993     0      720     21.800     24.500     22.517     0.550
       10 1993     1      743     22.200     25.200     23.110     0.690
       11 1993    96      624     24.200     27.500     25.710     0.910
       12 1993     2      742     25.500     29.500     26.997     0.747
        1 1994     0      744     26.000     29.500     26.899     0.707
        2 1994     0      672     27.400     29.600     28.129     0.423
        3 1994     0      744     25.800     29.900     27.190     0.811
        4 1994     0      720     24.100     26.600     25.783     0.452
        5 1994     0      744     23.600     26.100     24.249     0.376
        6 1994     0      720     22.100     23.700     22.700     0.375
        7 1994     3      741     21.600     24.300     22.173     0.431
        8 1994     1      743     21.800     24.400     22.581     0.448
        9 1994     0      720     21.800     24.400     22.409     0.364
       10 1994     0      744     22.800     25.700     23.876     0.422
       11 1994     1      719     23.900     26.500     24.670     0.613
       12 1994     5      739     25.300     27.500     25.879     0.287
        1 1995     0      744     25.700     27.500     26.054     0.209
        2 1995     2      670     26.200     29.200     27.337     0.459
        3 1995     3      741     26.200     29.300     27.280     0.478
        4 1995     6      714     25.200     28.500     26.667     0.967
        5 1995     2      742     24.100     26.000     24.866     0.462
        6 1995     5      715     23.400     25.400     24.284     0.371
        7 1995     4      740     23.500     25.600     23.953     0.286
        8 1995     7      737     22.300     25.900     23.441     0.738
        9 1995     7      713     22.200     23.700     22.921     0.353
       10 1995     5      739     23.500     25.800     24.569     0.490
       11 1995    13      707     24.900     26.800     25.527     0.368
       12 1995    12      732     25.500     29.800     26.676     1.041
        1 1996    12      732     25.900     28.300     26.967     0.452
        2 1996     0      696     27.000     29.400     27.744     0.604
        3 1996     0      744     26.800     29.200     27.823     0.573
        4 1996   720        0
        5 1996   744        0
        6 1996   720        0
        7 1996   744        0
        8 1996   744        0
        9 1996   264      456     20.900     23.700     22.129     0.490
       10 1996   744        0
       11 1996   120      600     24.200     28.500     25.590     1.022
       12 1996     2      742     26.200     29.100     27.065     0.596
        1 1997    23      721     26.700     29.600     27.812     0.599
        2 1997     1      671     26.600     29.700     27.917     0.584
        3 1997    30      714     27.200     28.800     27.834     0.427
        4 1997     3      717     25.300     28.200     26.544     0.654
        5 1997    11      733     24.100     26.000     24.903     0.500
        6 1997     6      714     22.600     24.700     23.521     0.465
        7 1997    14      730     21.700     24.600     22.940     0.595
        8 1997     4      740     21.500     24.300     22.001     0.223
        9 1997     2      718     21.700     23.300     22.270     0.289
       10 1997    11      733     22.700     25.000     23.563     0.550
       11 1997     0      720     23.800     26.900     24.695     0.609
       12 1997     1      743     25.100     27.300     25.749     0.454
        1 1998     1      743     25.600     28.900     26.390     0.443
        2 1998     4      668     25.500     26.700     26.025     0.306
        3 1998     3      741     25.300     27.600     26.398     0.595
        4 1998     2      718     26.200     26.900     26.458     0.138
        5 1998     1      743     24.800     26.600     25.585     0.461
        6 1998    21      699     23.900     25.000     24.515     0.200
        7 1998     1      743     22.600     24.400     23.340     0.398
        8 1998     1      743     22.400     24.900     23.555     0.514
        9 1998     0      720     22.500     23.500     22.902     0.209
       10 1998     1      743     23.200     26.900     24.301     0.598
       11 1998     1      719     25.200     28.100     26.378     0.618
       12 1998     1      743     26.000     29.100     27.278     0.552
        1 1999     0      744     25.500     29.100     27.231     0.834
        2 1999     1      671     26.500     29.200     27.501     0.718
        3 1999     1      743     26.500     29.000     27.297     0.533
        4 1999     0      720     26.100     29.200     27.055     0.445
        5 1999     0      744     22.900     27.400     25.079     1.281
        6 1999     0      720     23.400     25.200     24.249     0.354
        7 1999     1      743     23.200     25.100     23.998     0.424
        8 1999     1      743     22.600     24.200     23.407     0.410
        9 1999     0      720     22.000     24.400     23.104     0.489
       10 1999     1      743     22.600     25.600     23.892     0.554
       11 1999     0      720     23.700     28.800     25.624     0.914
       12 1999     3      741     25.500     28.900     26.848     0.864
        1 2000     1      743     27.000     29.100     28.011     0.451
        2 2000     0      696     26.800     30.500     28.415     0.766
        3 2000     0      744     27.200     29.900     28.721     0.598
        4 2000     3      717     26.100     29.700     27.709     0.568
        5 2000     0      744     25.200     27.000     26.190     0.350
        6 2000     1      719     23.500     25.700     24.579     0.554
        7 2000     0      744     22.500     24.300     23.475     0.494
        8 2000     0      744     22.200     24.900     22.916     0.426
        9 2000     0      720     22.600     25.700     23.769     0.511
       10 2000     0      744     22.600     26.500     23.598     0.571
       11 2000     0      720     23.800     29.300     25.618     1.119
       12 2000     0      744     25.600     29.000     26.635     0.587
        1 2001   419      325     26.700     29.800     28.052     0.590
        2 2001     1      671     27.100     30.100     28.496     0.378
        3 2001     0      744     26.600     29.200     27.227     0.471
        4 2001     0      720     25.400     28.700     26.746     0.772
        5 2001     0      744     24.900     25.900     25.349     0.219
        6 2001     0      720     23.200     25.900     24.189     0.429
        7 2001     0      744     22.300     24.800     23.476     0.487
        8 2001     1      743     22.600     25.200     23.337     0.454
        9 2001    14      706     23.000     25.200     23.877     0.288
       10 2001     0      744     22.700     25.600     24.064     0.590
       11 2001     1      719     24.800     27.300     25.774     0.400
       12 2001     1      743     25.200     28.500     26.362     0.901
        1 2002     0      744     26.500     29.200     27.847     0.641
        2 2002     1      671     27.100     30.200     28.301     0.778
        3 2002     0      744     27.300     30.300     28.041     0.481
        4 2002     0      720     25.600     29.700     27.249     1.061
        5 2002     1      743     25.300     26.600     25.861     0.253
        6 2002     0      720     23.900     26.200     24.842     0.483
        7 2002     0      744     22.700     25.500     23.775     0.546
        8 2002     0      744     22.300     24.200     22.790     0.288
        9 2002     0      720     22.400     25.200     23.227     0.582
       10 2002     0      744     22.800     26.100     23.783     0.698
       11 2002     0      720     24.100     25.100     24.495     0.187
       12 2002   150      594     24.400     27.300     25.495     0.457
        1 2003   482      262     26.000     27.700     26.764     0.474
        2 2003     0      672     25.400     28.300     26.658     0.643
        3 2003     0      744     26.200     29.300     27.275     0.699
        4 2003     0      720     25.600     28.000     26.846     0.418
        5 2003     0      744     24.600     27.200     25.699     0.643
        6 2003     1      719     23.000     24.800     23.963     0.398
        7 2003     6      738     22.200     24.600     22.993     0.589
        8 2003     0      744     22.100     23.800     22.678     0.209
        9 2003     3      717     22.300     25.200     23.433     0.607
       10 2003     0      744     22.900     25.700     23.579     0.453
       11 2003     0      720     23.800     26.900     24.785     0.554
       12 2003    69      675     25.200     27.000     25.901     0.436
        1 2004   191      553     25.800     27.700     26.447     0.326
        2 2004     0      696     26.600     30.000     28.232     0.641
        3 2004     1      743     27.400     29.600     28.332     0.403
        4 2004     0      720     26.000     28.000     26.526     0.372
        5 2004     0      744     25.300     26.300     25.703     0.207
        6 2004     0      720     23.500     25.400     24.342     0.435
        7 2004     0      744     22.900     24.100     23.422     0.271
        8 2004     0      744     22.100     23.500     22.885     0.252
        9 2004     0      720     21.800     23.800     22.444     0.329
       10 2004     0      744     22.900     24.600     23.729     0.348
       11 2004     0      720     23.800     25.800     24.641     0.444
       12 2004     0      744     25.000     28.400     26.343     0.805
        1 2005     1      743     26.500     29.500     27.492     0.647
        2 2005    19      653     26.700     30.000     27.557     0.509
        3 2005    10      734     26.200     28.200     26.846     0.368
        4 2005     0      720     24.600     28.200     26.789     1.124
        5 2005     0      744     24.600     26.300     25.357     0.359
        6 2005     0      720     23.200     25.600     24.172     0.622
        7 2005     0      744     22.100     24.800     23.201     0.637
        8 2005     1      743     22.400     24.100     22.987     0.279
        9 2005     0      720     22.400     25.000     23.403     0.587
       10 2005    25      719     23.300     27.600     25.219     0.964
       11 2005     2      718     25.200     27.600     25.836     0.495
       12 2005     1      743     26.000     29.200     26.944     0.702
        1 2006     0      744     26.500     28.900     27.368     0.676
        2 2006     1      671     26.800     29.900     27.802     0.667
        3 2006     0      744     27.300     30.000     28.521     0.605
        4 2006     3      717     26.400     29.600     28.199     0.796
        5 2006     2      742     24.600     28.000     26.218     0.940
        6 2006     0      720     23.100     25.800     24.799     0.571
        7 2006     0      744     22.700     24.000     23.368     0.228
        8 2006     0      744     22.600     25.500     23.423     0.436
        9 2006     0      720     22.700     25.700     23.535     0.595
       10 2006     0      744     22.700     24.500     23.519     0.376
       11 2006     0      720     23.900     28.100     25.170     1.015
       12 2006     0      744     25.100     27.000     25.644     0.436
        1 2007     0      744     26.200     27.600     26.695     0.220
        2 2007     0      672     26.400     29.600     27.133     0.615
        3 2007     0      744     26.500     28.400     27.077     0.372
        4 2007     0      720     25.600     27.600     26.451     0.477
        5 2007     0      744     24.500     26.500     25.694     0.443
        6 2007     0      720     24.200     25.800     24.841     0.359
        7 2007     1      743     23.700     24.800     24.150     0.150
        8 2007     0      744     23.300     25.100     23.770     0.312
        9 2007     0      720     23.100     25.900     24.310     0.752
       10 2007     3      741     24.000     26.900     25.244     0.704
       11 2007     0      720     24.900     27.100     25.864     0.444
       12 2007     0      744     25.400     27.700     26.137     0.489
        1 2008     0      744     25.300     27.700     26.363     0.485
        2 2008    20      676     26.400     29.400     27.794     0.491
        3 2008     0      744     27.100     29.400     27.904     0.358
        4 2008     1      719     25.900     28.400     26.777     0.516
        5 2008     1      743     24.200     27.000     25.375     0.650
        6 2008     3      717     23.500     25.100     24.134     0.337
        7 2008     1      743     22.200     24.600     23.322     0.681
        8 2008   207      537     23.200     25.200     24.152     0.325
        9 2008   214      506     23.000     25.000     24.048     0.421
       10 2008   266      478     23.200     26.600     24.618     0.749
       11 2008    28      692     25.000     27.700     26.179     0.548
       12 2008    68      676     25.200     29.400     27.220     0.652
        1 2009   102      642     26.400     29.700     27.704     0.685
        2 2009   206      466     27.000     28.700     27.818     0.318
        3 2009   147      597     26.900     29.000     27.777     0.399
        4 2009   140      580     25.300     27.600     26.439     0.482
        5 2009   160      584     24.300     26.300     25.020     0.415
        6 2009     1      719     21.800     25.100     23.413     0.669
        7 2009   126      618     22.400     24.200     23.309     0.350
        8 2009   111      633     22.000     23.300     22.681     0.259
        9 2009   100      620     21.700     24.600     22.738     0.416
       10 2009    79      665     22.500     25.000     23.274     0.306
       11 2009    45      675     22.800     24.900     23.874     0.673
       12 2009     0      744     24.200     25.900     24.865     0.374
        1 2010     0      744     24.700     29.300     26.383     1.199
        2 2010     0      672     25.700     27.700     26.401     0.481
        3 2010     3      741     26.300     28.900     27.123     0.520
        4 2010    33      687     25.700     28.100     26.481     0.389
        5 2010    24      720     24.600     26.700     25.596     0.331
        6 2010    35      685     24.200     26.700     25.389     0.533
        7 2010    18      726     23.700     25.200     24.396     0.303
        8 2010    47      697     23.100     26.000     24.241     0.501
        9 2010    87      633     23.500     25.900     24.907     0.587
       10 2010    84      660     24.200     27.100     25.379     0.510
       11 2010   173      547     23.900     26.900     24.876     0.593
       12 2010    65      679     24.100     27.500     26.256     0.636
        1 2011    55      689     25.700     28.700     27.185     0.526
        2 2011    42      630     26.000     29.100     27.633     0.334
        3 2011   155      589     27.100     29.100     28.151     0.393
        4 2011    18      702     26.500     29.300     27.600     0.573
        5 2011   268      476     24.900     27.600     26.439     0.660
        6 2011   295      425     24.000     26.300     25.481     0.363
        7 2011   294      450     24.000     25.400     24.493     0.277
        8 2011   350      394     23.100     25.000     23.998     0.418
        9 2011   476      244     22.800     24.700     24.055     0.257
       10 2011   318      426     24.000     26.000     24.976     0.429
       11 2011   378      342     24.900     26.500     25.673     0.297
       12 2011   177      567     25.800     29.200     27.089     0.656
        1 2012    24      720     26.500     28.600     27.433     0.527
        2 2012   262      434     25.600     28.000     26.787     0.487
        3 2012   303      441     26.300     28.400     27.718     0.364
        4 2012   307      413     26.200     28.800     27.477     0.590
        5 2012   744        0
        6 2012   720        0
        7 2012   744        0
        8 2012   744        0
        9 2012   720        0
       10 2012   744        0
       11 2012   320      400     24.500     26.900     25.493     0.548
       12 2012   441      303     25.900     27.900     26.492     0.369
        1 2013   744        0
        2 2013   672        0
        3 2013   744        0
        4 2013   720        0
        5 2013   744        0
        6 2013   717        3     24.200     24.300     24.233     0.047
        7 2013   744        0
        8 2013   292      452     23.300     25.100     24.008     0.222
        9 2013   266      454     22.500     25.500     23.831     0.646
       10 2013   714       30     24.100     24.800     24.520     0.158
       11 2013   720        0
       12 2013   744        0
        1 2014   744        0
        2 2014   672        0
        3 2014   744        0
        4 2014   720        0
        5 2014   169      575     24.600     26.400     25.487     0.374
        6 2014     1      719     23.400     25.200     24.037     0.399
        7 2014     0      744     22.600     24.300     23.517     0.339
        8 2014     0      744     21.900     23.800     22.535     0.267
        9 2014     0      720     22.400     25.500     23.717     0.479
       10 2014     0      744     23.800     24.900     24.268     0.219
       11 2014     0      720     24.300     26.500     25.298     0.501
       12 2014     0      744     24.700     26.700     25.440     0.397
        1 2015     0      744     25.300     29.400     26.530     0.814
        2 2015     0      672     26.900     30.500     28.292     0.912
        3 2015     0      744     26.600     30.100     27.872     0.799
        4 2015     0      720     25.600     28.200     26.460     0.535
        5 2015     0      744     24.200     26.300     24.904     0.462
        6 2015     1      719     22.700     25.000     23.790     0.638
        7 2015     0      744     21.800     23.900     22.751     0.507
        8 2015     0      744     21.400     22.600     22.118     0.252
        9 2015     0      720     22.000     24.900     22.805     0.396
       10 2015     0      744     22.400     26.000     23.227     0.757
       11 2015     3      717     24.100     26.000     24.761     0.423
       12 2015     0      744     24.900     28.100     26.066     0.585
        1 2016     0      744     26.000     28.900     27.070     0.596
        2 2016     0      696     25.900     31.300     27.699     1.483
        3 2016     0      744     26.000     28.100     26.631     0.398
        4 2016     0      720     24.900     26.500     25.463     0.479
        5 2016     0      744     24.600     25.800     25.200     0.229
        6 2016     0      720     23.700     25.800     24.722     0.391
        7 2016     0      744     23.900     25.300     24.358     0.316
        8 2016     0      744     23.300     25.400     24.051     0.467
        9 2016     0      720     23.200     26.500     23.980     0.668
       10 2016     0      744     24.600     27.100     25.174     0.305
       11 2016     0      720     25.000     27.600     26.062     0.513
       12 2016     0      744     25.400     28.400     26.411     0.613
        1 2017     0      744     26.400     30.100     27.879     0.879
        2 2017     0      672     26.700     29.900     27.711     0.539
        3 2017     0      744     26.600     28.600     27.435     0.393
        4 2017     0      720     27.000     28.800     27.553     0.259
        5 2017     0      744     24.600     27.600     25.753     0.653
        6 2017     0      720     23.500     26.200     24.654     0.836
        7 2017     0      744     22.900     25.200     23.510     0.276
        8 2017     0      744     22.600     25.400     23.472     0.400
        9 2017     0      720     23.500     25.100     23.880     0.275
       10 2017     0      744     24.200     26.600     25.055     0.533
       11 2017     0      720     25.100     28.400     25.947     0.615
       12 2017     0      744     25.600     27.900     26.360     0.405
        1 2018     0      744     26.300     28.600     27.509     0.545
        2 2018     0      672     26.400     29.400     27.836     0.574
        3 2018     0      744     26.800     29.300     28.146     0.449
        4 2018     2      718     25.400     27.400     26.162     0.498
        5 2018    21      723     24.600     26.900     25.378     0.421
        6 2018     0      720     23.900     25.900     24.932     0.344
        7 2018     0      744     22.800     25.000     23.850     0.517
        8 2018     0      744     23.100     24.700     23.753     0.360
        9 2018     0      720     23.500     25.600     24.306     0.429
       10 2018     0      744     23.600     25.800     24.395     0.475
       11 2018     6      714     24.300     28.800     25.536     1.025
       12 2018     0      744     25.900     28.100     26.801     0.414
        1 2019     0      744     25.800     29.500     26.987     0.587
        2 2019     0      672     26.800     30.100     27.597     0.429
        3 2019     0      744     26.400     29.700     27.301     0.453
        4 2019     0      720     25.500     28.100     26.562     0.621
        5 2019     0      744     24.200     26.200     24.965     0.525
        6 2019     0      720     23.600     25.700     24.445     0.370
        7 2019     1      743     22.900     25.000     23.761     0.265
        8 2019     0      744     23.400     25.100     24.062     0.362
        9 2019     2      718     23.200     24.400     23.684     0.294
       10 2019    76      668     23.600     26.000     24.708     0.542
       11 2019     0      720     23.900     26.500     24.994     0.527
       12 2019     0      744     25.400     28.300     26.834     0.478
        1 2020     0      744     26.300     29.900     27.390     0.584
        2 2020     0      696     26.900     29.900     27.957     0.640
        3 2020     0      744     27.000     28.800     27.859     0.478
        4 2020    48      672     25.800     27.900     26.744     0.451
        5 2020     0      744     25.300     26.700     25.808     0.293
        6 2020     0      720     23.900     26.100     25.039     0.583
        7 2020     0      744     23.200     25.200     24.182     0.421
        8 2020   185      559     23.000     25.000     23.936     0.384
        9 2020   196      524     23.400     25.000     23.837     0.358
       10 2020     0      744     24.100     25.100     24.435     0.156
       11 2020     0      720     24.200     27.400     25.675     0.770
       12 2020     0      744     26.000     29.400     26.974     0.749
        1 2021     0      744     26.400     30.400     27.978     0.881
        2 2021     1      671     26.300     28.900     27.176     0.399
        3 2021     0      744     26.500     28.400     27.195     0.355
        4 2021     0      720     26.500     28.500     27.041     0.340
        5 2021   102      642     24.500     26.500     25.467     0.511
        6 2021   339      381     23.800     25.300     24.490     0.389
        7 2021     0      744     23.100     26.400     24.305     0.608
        8 2021     1      743     22.600     24.600     23.391     0.467
        9 2021   252      468     23.600     26.200     24.666     0.469
       10 2021     0      744     24.400     26.500     24.972     0.310
       11 2021     0      720     25.100     29.800     26.747     1.009
       12 2021     0      744     26.500     30.200     27.751     0.941
        1 2022    46      698     27.000     29.300     27.969     0.536
        2 2022     0      672     26.600     29.300     28.150     0.517
        3 2022     1      743     26.700     28.900     27.675     0.485
        4 2022     0      720     26.200     28.300     27.443     0.398
        5 2022     0      744     25.200     27.000     26.032     0.395
        6 2022     0      720     25.000     26.600     25.764     0.399
        7 2022     0      744     24.100     25.300     24.654     0.282
        8 2022    66      678     23.200     25.900     24.635     0.628
        9 2022     0      720     24.400     26.500     25.439     0.430
       10 2022     0      744     24.500     26.500     25.401     0.339
       11 2022   157      563     25.500     28.000     26.504     0.638
       12 2022     0      744     26.600     29.400     27.932     0.513
        1 2023     0      744     27.200     30.300     28.769     0.786
        2 2023     0      672     26.800     29.700     28.449     0.391
      Totals   30907   233477

      Mean water temperature = 25.482  (Average monthly means =25.488)

      Maximum recorded temperature of 31.300 deg C at 0300 hours 07/02/2016
      Minimum recorded temperature of 20.900 deg C at 0600 hours 07/09/1996
      Standard deviation of the observations =  1.7938 deg C  
      Skewness                               =  0.0361
