


      Monthly air temperatures for SAMOA
      ----------------------------------

      Mth Year  Gaps     Good     Minimum    Maximum     Mean     St Devn
        2 1993   624       48     24.100     30.400     27.025     1.632
        3 1993     0      744     23.200     30.700     26.797     1.828
        4 1993     0      720     23.800     31.300     27.261     1.898
        5 1993     0      744     23.300     30.000     26.984     1.504
        6 1993     0      720     21.200     29.600     25.910     2.062
        7 1993     0      744     20.600     29.300     25.658     1.502
        8 1993     0      744     21.200     29.100     26.052     1.687
        9 1993     0      720     21.700     29.600     26.167     1.709
       10 1993     0      744     22.100     29.600     26.165     1.688
       11 1993     0      720     21.300     30.900     26.938     1.638
       12 1993     0      744     22.900     31.700     27.237     1.772
        1 1994     1      743     22.800     30.700     27.082     1.986
        2 1994     0      672     23.800     31.200     27.411     2.026
        3 1994     0      744     23.400     31.700     27.404     2.021
        4 1994     0      720     23.600     30.900     26.837     1.792
        5 1994     0      744     21.300     30.800     26.613     1.888
        6 1994     0      720     21.300     29.800     26.360     1.761
        7 1994     4      740     21.600     30.200     26.137     1.761
        8 1994     0      744     20.800     29.000     25.562     1.764
        9 1994     0      720     20.200     29.300     25.849     1.867
       10 1994     0      744     22.100     30.300     26.285     1.867
       11 1994     3      717     22.600     29.900     26.661     1.575
       12 1994     4      740     23.700     30.800     27.303     1.671
        1 1995     5      739     22.800     31.500     26.973     1.754
        2 1995     3      669     22.900     31.400     27.000     1.943
        3 1995     5      739     23.200     30.800     27.101     1.960
        4 1995     8      712     23.300     31.000     26.714     1.990
        5 1995     4      740     21.000     30.300     26.374     2.050
        6 1995    10      710     22.300     30.000     26.602     1.944
        7 1995     5      739     22.600     29.900     26.437     1.700
        8 1995     9      735     22.200     30.400     26.130     1.789
        9 1995    14      706     21.200     29.600     26.102     1.759
       10 1995     9      735     22.600     29.700     26.180     1.788
       11 1995    12      708     23.200     30.400     26.444     1.665
       12 1995    43      701     22.600     31.900     26.965     1.927
        1 1996    13      731     22.700     30.400     26.331     1.801
        2 1996     7      689     23.200     30.500     26.574     1.865
        3 1996     8      736     22.900     30.300     26.580     1.824
        4 1996     0      720     22.700     30.100     26.468     1.828
        5 1996     0      744     21.400     29.500     25.889     2.001
        6 1996     1      719     22.900     30.200     26.434     1.722
        7 1996     5      739     21.100     29.300     25.775     1.991
        8 1996     0      744     19.900     30.000     25.507     2.143
        9 1996     0      720     21.600     29.100     25.869     1.579
       10 1996    16      728     20.900     29.200     25.677     1.813
       11 1996     0      720     22.700     30.200     26.778     1.890
       12 1996     0      744     22.900     30.500     26.750     1.783
        1 1997     1      743     22.700     30.000     26.517     1.818
        2 1997     1      671     22.200     30.300     26.904     1.880
        3 1997    24      720     22.200     29.900     26.368     1.766
        4 1997     5      715     22.600     30.700     26.657     1.926
        5 1997     4      740     20.600     30.100     25.799     2.120
        6 1997    10      710     20.500     29.400     25.624     1.726
        7 1997    12      732     22.100     30.100     25.826     1.689
        8 1997     1      743     22.500     29.400     25.819     1.453
        9 1997     4      716     20.400     29.700     26.047     1.844
       10 1997     1      743     21.200     29.600     26.638     1.609
       11 1997     0      720     22.300     30.400     26.833     1.796
       12 1997     0      744     22.200     31.200     26.972     1.780
        1 1998     1      743     23.300     30.900     27.360     1.532
        2 1998     0      672     23.100     31.700     27.511     1.947
        3 1998     0      744     22.800     30.600     27.254     1.736
        4 1998     0      720     21.300     30.800     26.481     2.265
        5 1998     0      744     20.100     29.900     25.854     2.120
        6 1998     4      716     20.700     29.700     26.255     1.689
        7 1998     2      742     18.700     29.600     25.002     2.082
        8 1998     2      742     20.700     30.000     25.770     1.756
        9 1998     0      720     20.900     29.900     26.386     1.722
       10 1998     0      744     22.500     30.500     26.654     1.689
       11 1998     0      720     22.800     31.000     27.041     1.935
       12 1998     0      744     22.500     31.200     27.096     1.886
        1 1999    12      732     22.300     30.000     26.083     1.901
        2 1999     4      668     22.100     30.400     26.318     1.987
        3 1999     9      735     23.100     30.300     26.647     2.064
        4 1999     6      714     22.500     31.000     27.094     1.869
        5 1999     4      740     21.900     30.000     25.936     1.950
        6 1999     6      714     22.300     29.700     26.084     1.890
        7 1999     8      736     22.200     29.100     26.021     1.876
        8 1999    15      729     21.600     29.300     26.049     1.965
        9 1999    10      710     21.700     30.600     25.963     1.917
       10 1999     4      740     21.500     29.100     25.877     1.720
       11 1999    15      705     21.700     29.900     26.200     1.968
       12 1999     1      743     21.500     30.300     26.956     1.931
        1 2000     6      738     22.300     30.400     26.592     1.865
        2 2000     0      696     23.100     30.400     26.603     1.887
        3 2000   744        0
        4 2000   125      595     23.100     30.500     26.677     1.877
        5 2000     0      744     21.300     29.900     26.207     1.971
        6 2000     1      719     19.300     29.700     25.593     1.961
        7 2000     2      742     20.100     28.800     25.265     1.936
        8 2000     0      744     21.100     29.000     25.694     1.889
        9 2000     0      720     22.800     29.400     26.253     1.716
       10 2000     0      744     22.200     29.800     26.104     1.754
       11 2000    11      709     22.600     30.100     26.486     1.806
       12 2000     0      744     21.100     31.100     26.861     1.915
        1 2001     0      744     22.900     30.800     26.859     1.882
        2 2001     0      672     22.300     30.700     26.621     1.911
        3 2001     0      744     22.500     30.400     26.569     1.891
        4 2001     0      720     22.200     30.600     26.533     1.996
        5 2001     0      744     21.600     30.900     26.120     1.888
        6 2001     0      720     22.300     30.100     26.263     1.790
        7 2001     0      744     19.400     29.500     25.716     1.993
        8 2001     2      742     20.100     29.200     25.953     1.852
        9 2001     0      720     20.600     29.700     26.153     1.713
       10 2001     0      744     21.900     29.700     26.304     1.788
       11 2001     0      720     22.500     30.200     26.735     1.742
       12 2001     0      744     22.100     31.100     26.398     1.780
        1 2002     3      741     22.600     32.100     26.940     2.054
        2 2002     0      672     23.800     31.300     27.725     1.857
        3 2002     0      744     23.200     31.400     27.360     2.074
        4 2002     0      720     23.300     31.000     27.082     1.981
        5 2002     0      744     23.100     31.000     26.958     1.844
        6 2002     0      720     20.700     30.300     26.577     2.064
        7 2002     0      744     22.200     30.000     26.306     1.715
        8 2002     0      744     22.200     29.500     26.080     1.620
        9 2002     0      720     22.300     29.500     26.280     1.732
       10 2002   555      189     22.000     29.000     26.041     1.796
       11 2002   720        0
       12 2002   214      530     23.500     31.000     27.409     1.840
        1 2003     2      742     24.400     32.200     27.953     1.683
        2 2003     2      670     23.800     32.300     27.631     2.079
        3 2003     3      741     22.900     31.300     27.418     1.939
        4 2003     0      720     22.600     30.700     26.999     2.013
        5 2003     0      744     22.700     31.000     26.843     1.954
        6 2003   720        0
        7 2003   744        0
        8 2003   744        0
        9 2003   155      565     21.700     30.000     26.681     2.024
       10 2003     0      744     21.900     30.200     26.833     1.820
       11 2003     0      720     23.000     30.100     26.862     1.739
       12 2003     3      741     23.600     30.600     26.906     1.892
        1 2004     1      743     22.600     31.100     27.314     1.725
        2 2004     0      696     23.300     30.900     27.310     1.714
        3 2004     4      740     23.800     30.900     27.371     1.688
        4 2004     3      717     23.500     32.100     27.267     1.932
        5 2004     0      744     22.100     30.500     26.923     1.902
        6 2004     0      720     22.500     30.100     26.969     1.811
        7 2004     0      744     20.900     29.100     26.039     1.705
        8 2004     0      744     21.600     29.600     26.300     1.862
        9 2004     0      720     20.500     29.600     26.449     1.954
       10 2004     0      744     22.700     30.400     26.597     1.931
       11 2004     0      720     23.100     31.000     26.967     1.962
       12 2004     0      744     23.400     31.100     27.412     1.874
        1 2005     2      742     24.000     30.800     27.472     1.752
        2 2005    12      660     23.200     32.300     27.838     1.865
        3 2005    57      687     22.700     31.700     27.481     1.897
        4 2005     1      719     23.900     30.700     27.568     1.612
        5 2005     0      744     22.100     30.600     26.644     1.966
        6 2005     0      720     21.700     30.100     26.312     1.876
        7 2005     1      743     19.600     29.400     25.769     1.953
        8 2005    10      734     22.000     29.400     25.989     1.822
        9 2005    22      698     22.800     29.400     26.623     1.593
       10 2005     4      740     22.300     30.200     26.877     1.867
       11 2005     5      715     23.800     30.900     27.224     1.916
       12 2005   141      603     23.700     31.300     27.216     1.900
        1 2006   744        0
        2 2006   672        0
        3 2006   744        0
        4 2006    72      648     22.900     30.900     26.916     2.012
        5 2006     1      743     21.500     30.600     26.544     2.012
        6 2006     0      720     21.900     29.800     26.448     1.959
        7 2006     1      743     22.000     29.800     25.760     1.828
        8 2006     0      744     20.300     29.300     25.937     1.816
        9 2006     1      719     22.400     29.900     26.267     1.668
       10 2006     1      743     22.400     30.200     26.774     1.634
       11 2006     0      720     22.100     30.400     26.471     1.886
       12 2006     0      744     23.500     30.700     27.271     1.725
        1 2007     2      742     22.700     31.500     27.154     1.838
        2 2007     0      672     23.500     31.200     27.074     1.871
        3 2007     1      743     21.800     31.000     26.713     1.780
        4 2007     0      720     23.400     30.900     27.317     1.969
        5 2007     0      744     22.800     30.500     26.330     1.775
        6 2007     0      720     22.300     30.500     26.753     1.892
        7 2007   224      520     22.000     29.800     26.138     1.803
        8 2007     2      742     20.200     29.500     26.111     1.975
        9 2007    52      668     21.000     29.800     26.325     1.765
       10 2007    31      713     22.600     30.500     26.542     1.889
       11 2007     0      720     23.100     30.700     27.042     1.751
       12 2007     0      744     22.800     30.700     26.398     1.845
        1 2008     0      744     22.500     30.000     26.251     1.786
        2 2008     0      696     22.700     30.000     26.554     1.825
        3 2008     0      744     21.800     30.100     26.172     2.038
        4 2008     0      720     22.200     30.700     26.348     2.052
        5 2008     0      744     22.000     30.000     26.286     1.935
        6 2008     0      720     22.400     29.600     25.843     1.749
        7 2008     0      744     20.200     29.100     25.592     1.755
        8 2008     0      744     20.800     29.100     25.828     1.865
        9 2008     0      720     21.900     29.800     26.260     1.468
       10 2008     0      744     22.500     29.400     26.592     1.559
       11 2008     0      720     22.900     29.800     26.423     1.849
       12 2008     0      744     22.800     30.100     26.656     1.836
        1 2009     0      744     23.000     30.600     26.746     1.828
        2 2009     0      672     22.400     30.600     26.718     1.927
        3 2009     0      744     23.600     32.100     27.062     1.940
        4 2009     0      720     23.200     30.700     26.935     1.888
        5 2009     0      744     23.200     30.000     26.674     1.723
        6 2009    18      702     21.100     29.600     25.890     1.895
        7 2009     1      743     21.100     29.800     26.069     1.786
        8 2009     0      744     22.200     29.100     25.788     1.555
        9 2009     0      720     20.200     29.000     25.611     1.891
       10 2009     0      744     21.700     29.700     26.129     1.930
       11 2009     0      720     22.800     30.300     26.752     1.700
       12 2009     0      744     21.900     30.600     26.781     1.824
        1 2010    14      730     23.700     31.200     27.273     1.647
        2 2010    15      657     23.800     30.800     26.983     1.536
        3 2010     1      743     23.800     31.600     27.821     1.826
        4 2010     0      720     23.100     31.500     27.652     1.839
        5 2010   465      279     23.000     30.700     27.396     1.882
        6 2010   682       38     22.200     29.100     26.384     1.997
        7 2010   701       43     22.800     28.900     25.847     2.070
        8 2010   723       21     23.800     31.200     26.810     2.583
        9 2010   525      195     20.400     31.800     26.633     2.810
       10 2010     0      744     22.200     33.400     26.837     2.846
       11 2010     2      718     20.700     33.300     26.871     3.014
       12 2010     0      744     20.900     34.300     26.830     2.961
        1 2011     0      744     20.700     32.400     25.720     2.619
        2 2011     0      672     21.000     33.100     25.958     2.736
        3 2011   527      217     22.000     32.300     27.039     2.761
        4 2011   103      617     22.100     34.800     26.847     2.748
        5 2011    96      648     21.500     33.800     26.756     2.929
        6 2011   346      374     21.600     33.400     26.630     3.050
        7 2011     3      741     21.300     32.100     26.782     2.548
        8 2011   148      596     20.500     33.500     26.543     2.535
        9 2011     1      719     21.900     31.300     26.588     2.400
       10 2011     0      744     22.200     32.200     26.638     2.202
       11 2011    10      710     22.400     32.900     26.925     2.241
       12 2011     0      744     21.700     31.800     27.055     2.222
        1 2012     1      743     22.700     31.700     26.987     2.003
        2 2012     1      695     23.000     31.900     26.709     2.102
        3 2012     0      744     22.600     32.500     26.769     2.139
        4 2012     0      720     23.400     32.500     27.465     2.367
        5 2012     0      744     21.700     31.900     26.938     2.289
        6 2012     0      720     21.500     32.500     26.810     2.338
        7 2012     0      744     21.700     31.200     26.490     2.324
        8 2012     0      744     21.500     32.000     26.570     2.548
        9 2012     0      720     23.000     31.700     27.452     2.062
       10 2012     0      744     23.100     31.500     27.587     2.094
       11 2012     0      720     24.100     32.800     27.912     2.181
       12 2012     0      744     24.200     32.300     27.617     1.901
        1 2013     0      744     23.500     33.000     27.186     1.869
        2 2013     0      672     24.100     32.200     27.761     1.987
        3 2013     0      744     23.200     32.600     27.847     2.091
        4 2013     0      720     24.000     33.000     27.836     2.270
        5 2013     0      744     23.500     32.000     27.949     2.210
        6 2013    10      710     22.300     31.700     27.316     2.237
        7 2013     0      744     22.400     31.300     26.882     2.011
        8 2013     0      744     22.300     31.600     26.747     2.357
        9 2013     0      720     21.700     31.300     27.344     2.193
       10 2013     0      744     23.300     32.400     27.426     2.204
       11 2013     1      719     22.800     32.100     27.290     2.326
       12 2013     0      744     23.800     32.300     27.538     1.989
        1 2014     0      744     24.000     32.300     26.907     1.901
        2 2014     0      672     23.600     32.700     27.723     2.096
        3 2014     0      744     23.500     32.700     27.861     2.133
        4 2014     1      719     23.300     32.700     27.649     2.256
        5 2014     0      744     22.000     31.600     26.976     2.143
        6 2014     0      720     21.600     31.200     26.887     2.370
        7 2014     0      744     20.700     31.100     26.521     2.179
        8 2014     0      744     21.600     31.600     26.460     2.229
        9 2014     0      720     22.100     31.600     27.060     2.367
       10 2014     0      744     22.900     31.900     27.541     2.314
       11 2014     0      720     20.800     32.100     27.251     2.141
       12 2014     0      744     24.100     33.400     27.822     2.050
        1 2015     0      744     24.100     32.900     28.146     2.107
        2 2015     0      672     24.000     32.900     27.846     2.171
        3 2015     0      744     23.700     33.300     28.075     2.191
        4 2015     0      720     23.800     32.700     27.579     2.382
        5 2015     0      744     22.100     33.000     27.247     2.097
        6 2015     0      720     21.600     32.500     27.013     2.273
        7 2015     0      744     21.100     31.700     26.646     2.370
        8 2015     0      744     19.700     31.600     26.068     2.293
        9 2015     0      720     18.600     31.300     26.735     2.260
       10 2015     1      743     21.600     32.300     27.066     2.277
       11 2015     0      720     23.600     32.400     27.668     2.065
       12 2015     0      744     22.000     32.700     27.700     2.319
        1 2016     0      744     23.900     33.700     28.488     2.106
        2 2016     0      696     23.900     33.300     28.636     2.183
        3 2016     0      744     23.700     33.200     28.055     2.193
        4 2016     0      720     23.600     34.700     27.716     2.076
        5 2016     0      744     22.800     32.800     27.343     2.283
        6 2016     0      720     22.100     32.000     27.089     2.142
        7 2016     1      743     19.700     31.700     26.424     2.484
        8 2016     1      743     22.300     31.500     27.158     2.180
        9 2016     0      720     23.000     32.300     27.331     2.301
       10 2016     0      744     24.100     32.500     28.008     2.312
       11 2016     0      720     24.000     32.400     27.716     2.149
       12 2016     0      744     23.700     33.300     27.711     2.153
        1 2017     0      744     24.200     32.800     28.146     2.133
        2 2017     0      672     23.300     32.500     27.656     2.056
        3 2017     1      743     24.600     33.400     28.321     2.413
        4 2017    14      706     23.900     33.500     27.968     2.341
        5 2017     2      742     22.500     32.500     27.678     2.169
        6 2017     0      720     22.600     33.400     27.243     2.192
        7 2017     0      744     22.100     31.600     26.996     2.263
        8 2017     0      744     21.500     31.400     26.685     2.214
        9 2017     0      720     22.800     32.500     27.404     2.331
       10 2017     2      742     23.000     32.100     27.288     2.149
       11 2017     0      720     22.900     32.500     27.267     2.205
       12 2017     1      743     22.500     32.800     27.245     2.172
        1 2018     0      744     22.700     32.700     27.233     2.247
        2 2018     0      672     23.900     34.300     27.776     2.110
        3 2018     0      744     23.300     32.400     27.668     2.250
        4 2018     0      720     23.600     32.400     26.936     2.232
        5 2018     0      744     21.800     32.300     27.434     2.392
        6 2018    47      673     22.200     32.600     27.442     2.250
        7 2018   348      396     21.500     30.700     26.391     2.170
        8 2018   503      241     23.000     31.000     27.035     2.368
        9 2018     0      720     22.000     31.700     27.332     2.278
       10 2018   121      623     22.700     32.100     27.420     2.114
       11 2018   246      474     22.800     33.000     28.099     2.340
       12 2018     0      744     24.200     33.100     27.931     2.257
        1 2019     2      742     24.800     33.100     28.291     1.949
        2 2019     0      672     24.200     33.600     28.053     1.937
        3 2019     5      739     23.400     33.800     28.180     2.354
        4 2019     0      720     23.900     33.800     28.257     2.266
        5 2019     0      744     23.300     33.700     27.292     2.287
        6 2019    26      694     21.500     32.200     27.623     2.457
        7 2019    14      730     23.000     31.400     26.906     1.894
        8 2019     0      744     21.900     31.600     27.373     2.213
        9 2019    48      672     22.100     32.100     27.250     2.252
       10 2019    86      658     22.400     31.600     27.256     2.112
       11 2019     0      720     23.300     32.000     27.329     2.272
       12 2019     0      744     22.800     32.100     27.556     2.136
        1 2020     0      744     24.300     32.300     27.721     1.989
        2 2020     0      696     23.100     32.500     27.030     1.907
        3 2020     0      744     24.500     32.900     28.221     2.308
        4 2020     0      720     23.600     33.100     28.203     2.155
        5 2020     0      744     24.400     32.600     28.262     2.228
        6 2020     0      720     22.100     32.200     27.156     2.103
        7 2020     1      743     22.600     31.900     26.918     2.204
        8 2020     0      744     22.900     31.700     27.430     2.049
        9 2020   143      577     22.700     31.700     27.145     2.220
       10 2020   150      594     23.600     31.700     27.451     2.092
       11 2020   436      284     23.100     31.700     27.464     2.388
       12 2020    82      662     23.400     32.500     27.374     2.065
        1 2021     0      744     23.300     32.600     27.375     2.278
        2 2021     0      672     22.200     31.800     26.808     2.155
        3 2021     0      744     23.300     32.600     27.314     2.355
        4 2021     1      719     22.900     32.500     27.403     2.356
        5 2021     0      744     23.000     34.100     27.606     2.237
        6 2021     0      720     22.900     31.600     26.958     2.147
        7 2021     0      744     22.500     31.800     27.191     2.086
        8 2021     8      736     22.600     31.700     26.664     2.024
        9 2021     1      719     22.100     31.500     27.223     2.398
       10 2021     0      744     21.200     31.700     27.361     2.221
       11 2021    20      700     23.100     32.100     27.450     2.170
       12 2021     6      738     22.800     32.000     27.241     2.179
        1 2022     0      744     23.800     32.900     27.743     2.108
        2 2022     0      672     22.900     31.900     26.384     2.128
        3 2022     1      743     24.000     32.200     27.900     2.087
        4 2022     0      720     22.600     32.900     27.791     2.409
        5 2022     0      744     22.500     32.300     27.218     2.219
        6 2022     3      717     22.300     31.900     27.014     2.315
        7 2022     0      744     22.500     30.800     26.590     2.037
        8 2022     1      743     19.700     30.900     26.129     2.347
        9 2022     0      720     22.600     31.100     27.081     2.076
       10 2022     0      744     22.700     31.700     27.278     2.071
       11 2022     0      720     23.200     31.900     27.165     2.262
       12 2022     0      744     23.100     32.200     27.491     2.109
        1 2023     7      737     22.700     32.200     27.014     2.145
        2 2023   672        0
      Totals   15942   247698

      Mean air temperature = 26.870  (Average monthly means =26.869)

      Maximum recorded temperature of 34.800 deg C at 2000 hours 19/04/2011
      Minimum recorded temperature of 18.600 deg C at 1600 hours 06/09/2015
      Standard deviation of the observations =  2.1295 deg C  
      Skewness                               =  0.1708
