


      Monthly sea levels for SAMOA
      ----------------------------

      Mth Year  Gaps     Good     Minimum    Maximum     Mean     St Devn
        2 1993  6240      480      0.337      0.961      0.643     0.187
        3 1993     0     7440     -0.042      1.438      0.708     0.314
        4 1993     0     7200      0.108      1.428      0.724     0.294
        5 1993     0     7440      0.083      1.355      0.706     0.299
        6 1993     0     7200      0.108      1.381      0.713     0.306
        7 1993     0     7440      0.049      1.363      0.704     0.312
        8 1993     0     7440      0.066      1.387      0.708     0.307
        9 1993     0     7200     -0.032      1.381      0.686     0.306
       10 1993     0     7440     -0.005      1.456      0.734     0.305
       11 1993     0     7200      0.105      1.466      0.747     0.290
       12 1993     0     7440      0.104      1.407      0.736     0.299
        1 1994     0     7440      0.127      1.419      0.745     0.314
        2 1994     0     6720      0.097      1.417      0.729     0.309
        3 1994     0     7440      0.116      1.413      0.758     0.310
        4 1994     0     7200      0.040      1.389      0.709     0.303
        5 1994     0     7440      0.027      1.402      0.687     0.303
        6 1994     0     7200      0.087      1.415      0.736     0.293
        7 1994     0     7440      0.165      1.399      0.762     0.288
        8 1994     0     7440      0.170      1.317      0.726     0.284
        9 1994     0     7200      0.105      1.339      0.711     0.298
       10 1994     0     7440      0.101      1.470      0.712     0.300
       11 1994     0     7200     -0.002      1.449      0.658     0.314
       12 1994     0     7440      0.002      1.431      0.715     0.320
        1 1995     0     7440     -0.012      1.445      0.678     0.326
        2 1995     0     6720      0.077      1.332      0.695     0.318
        3 1995     0     7440      0.115      1.351      0.718     0.320
        4 1995     0     7200      0.036      1.363      0.724     0.309
        5 1995     0     7440      0.132      1.434      0.725     0.294
        6 1995     0     7200      0.030      1.418      0.726     0.299
        7 1995     0     7440      0.170      1.547      0.821     0.289
        8 1995     0     7440      0.180      1.514      0.818     0.298
        9 1995     0     7200      0.187      1.459      0.807     0.299
       10 1995     0     7440      0.166      1.398      0.780     0.308
       11 1995     0     7200      0.151      1.474      0.787     0.306
       12 1995   240     7200      0.028      1.499      0.762     0.303
        1 1996     0     7440      0.026      1.521      0.745     0.314
        2 1996     0     6960      0.098      1.532      0.758     0.302
        3 1996     0     7440      0.090      1.469      0.780     0.305
        4 1996     0     7200      0.233      1.433      0.826     0.306
        5 1996     0     7440      0.246      1.455      0.866     0.295
        6 1996     0     7200      0.229      1.565      0.851     0.306
        7 1996     0     7440      0.183      1.600      0.870     0.315
        8 1996     0     7440      0.142      1.575      0.845     0.328
        9 1996     0     7200      0.177      1.501      0.843     0.305
       10 1996   480     6960      0.196      1.413      0.794     0.304
       11 1996     0     7200      0.191      1.389      0.768     0.300
       12 1996     0     7440      0.086      1.416      0.765     0.302
        1 1997     0     7440      0.077      1.482      0.741     0.301
        2 1997     0     6720      0.015      1.459      0.743     0.322
        3 1997     0     7440      0.107      1.513      0.807     0.306
        4 1997     0     7200      0.091      1.464      0.753     0.315
        5 1997     0     7440      0.076      1.326      0.712     0.312
        6 1997     0     7200      0.130      1.338      0.724     0.304
        7 1997     0     7440      0.146      1.466      0.772     0.306
        8 1997     0     7440      0.126      1.510      0.778     0.306
        9 1997     0     7200      0.080      1.496      0.764     0.313
       10 1997     0     7440      0.090      1.506      0.785     0.311
       11 1997     0     7200      0.124      1.457      0.761     0.310
       12 1997     0     7440      0.083      1.316      0.718     0.303
        1 1998     0     7440     -0.053      1.378      0.669     0.315
        2 1998     0     6720     -0.229      1.241      0.493     0.327
        3 1998     0     7440     -0.274      1.185      0.448     0.328
        4 1998     0     7200     -0.208      1.186      0.456     0.320
        5 1998     0     7440     -0.185      1.147      0.466     0.306
        6 1998     0     7200     -0.057      1.215      0.520     0.309
        7 1998     0     7440     -0.029      1.159      0.540     0.301
        8 1998     0     7440     -0.076      1.216      0.561     0.304
        9 1998     0     7200     -0.084      1.252      0.570     0.313
       10 1998     0     7440     -0.125      1.331      0.573     0.324
       11 1998     0     7200     -0.092      1.347      0.633     0.322
       12 1998     0     7440     -0.060      1.435      0.647     0.333
        1 1999     0     7440      0.001      1.415      0.729     0.320
        2 1999     0     6720      0.199      1.427      0.802     0.300
        3 1999     0     7440      0.206      1.498      0.835     0.313
        4 1999     0     7200      0.216      1.508      0.845     0.305
        5 1999     0     7440      0.089      1.482      0.800     0.300
        6 1999     0     7200      0.141      1.565      0.824     0.297
        7 1999     0     7440      0.161      1.505      0.804     0.300
        8 1999     0     7440      0.141      1.419      0.769     0.313
        9 1999     0     7200      0.166      1.406      0.774     0.314
       10 1999     0     7440      0.109      1.379      0.751     0.310
       11 1999     0     7200      0.082      1.443      0.725     0.312
       12 1999     0     7440      0.103      1.470      0.756     0.299
        1 2000     0     7440      0.084      1.483      0.758     0.294
        2 2000     0     6960      0.089      1.435      0.765     0.295
        3 2000     0     7440      0.196      1.413      0.798     0.294
        4 2000     0     7200      0.280      1.423      0.831     0.293
        5 2000     0     7440      0.268      1.448      0.802     0.308
        6 2000     0     7200      0.135      1.456      0.752     0.300
        7 2000     0     7440      0.025      1.482      0.771     0.312
        8 2000     0     7440      0.049      1.434      0.731     0.311
        9 2000     0     7200      0.092      1.380      0.725     0.304
       10 2000     0     7440      0.170      1.288      0.744     0.292
       11 2000     0     7200      0.155      1.360      0.743     0.291
       12 2000     0     7440      0.138      1.460      0.783     0.293
        1 2001     0     7440      0.086      1.494      0.775     0.294
        2 2001     0     6720      0.126      1.592      0.822     0.308
        3 2001     0     7440      0.172      1.500      0.834     0.295
        4 2001     0     7200      0.242      1.477      0.845     0.298
        5 2001     0     7440      0.257      1.421      0.817     0.304
        6 2001     0     7200      0.204      1.398      0.791     0.298
        7 2001     0     7440      0.087      1.410      0.748     0.298
        8 2001     0     7440      0.095      1.507      0.776     0.297
        9 2001     0     7200      0.078      1.514      0.782     0.296
       10 2001     0     7440      0.079      1.394      0.742     0.298
       11 2001     0     7200      0.151      1.400      0.763     0.291
       12 2001     0     7440      0.140      1.378      0.755     0.299
        1 2002     0     7440      0.065      1.436      0.705     0.314
        2 2002     0     6720      0.118      1.497      0.767     0.303
        3 2002     0     7440      0.106      1.504      0.797     0.309
        4 2002     0     7200      0.102      1.417      0.764     0.296
        5 2002     0     7440      0.093      1.346      0.737     0.288
        6 2002     0     7200      0.201      1.330      0.744     0.278
        7 2002     0     7440      0.244      1.372      0.813     0.278
        8 2002     0     7440      0.206      1.476      0.805     0.295
        9 2002     0     7200      0.091      1.490      0.766     0.297
       10 2002  5552     1888      0.121      1.545      0.805     0.406
       11 2002  7200        0
       12 2002  2401     5039      0.263      1.394      0.770     0.274
        1 2003     0     7440      0.195      1.476      0.794     0.296
        2 2003     0     6720      0.143      1.433      0.773     0.300
        3 2003     0     7440      0.113      1.424      0.747     0.301
        4 2003     0     7200      0.062      1.479      0.757     0.300
        5 2003     0     7440      0.223      1.557      0.822     0.290
        6 2003     0     7200      0.127      1.407      0.758     0.286
        7 2003     0     7440      0.168      1.410      0.768     0.290
        8 2003     0     7440      0.181      1.387      0.786     0.294
        9 2003     0     7200      0.153      1.428      0.762     0.297
       10 2003     0     7440      0.156      1.486      0.782     0.297
       11 2003     0     7200      0.139      1.492      0.778     0.301
       12 2003     0     7440      0.173      1.440      0.784     0.282
        1 2004     0     7440      0.116      1.489      0.762     0.289
        2 2004     0     6960      0.156      1.457      0.778     0.293
        3 2004     0     7440      0.255      1.481      0.817     0.277
        4 2004     0     7200      0.228      1.423      0.770     0.288
        5 2004     0     7440      0.121      1.380      0.764     0.287
        6 2004     0     7200      0.164      1.453      0.820     0.287
        7 2004     0     7440      0.191      1.547      0.822     0.294
        8 2004     0     7440      0.210      1.554      0.835     0.298
        9 2004     0     7200      0.234      1.456      0.846     0.287
       10 2004     0     7440      0.304      1.427      0.836     0.282
       11 2004     0     7200      0.248      1.452      0.813     0.282
       12 2004     0     7440      0.162      1.466      0.777     0.278
        1 2005     0     7440      0.084      1.447      0.765     0.285
        2 2005   380     6340      0.092      1.522      0.786     0.303
        3 2005  1716     5724     -0.044      1.330      0.615     0.305
        4 2005     0     7200      0.059      1.332      0.680     0.303
        5 2005     0     7440      0.176      1.381      0.734     0.290
        6 2005     0     7200      0.200      1.424      0.783     0.286
        7 2005     0     7440      0.132      1.490      0.762     0.288
        8 2005     0     7440      0.133      1.554      0.804     0.287
        9 2005     0     7200      0.188      1.574      0.844     0.291
       10 2005     0     7440      0.246      1.498      0.834     0.291
       11 2005     0     7200      0.317      1.472      0.847     0.276
       12 2005     0     7440      0.222      1.433      0.816     0.286
        1 2006     0     7440      0.114      1.553      0.801     0.303
        2 2006     0     6720      0.222      1.673      0.897     0.294
        3 2006     0     7440      0.240      1.665      0.910     0.306
        4 2006     0     7200      0.291      1.504      0.870     0.289
        5 2006     0     7440      0.226      1.438      0.830     0.282
        6 2006     0     7200      0.321      1.402      0.856     0.277
        7 2006     0     7440      0.252      1.476      0.829     0.275
        8 2006     0     7440      0.154      1.498      0.782     0.285
        9 2006     0     7200      0.036      1.472      0.767     0.299
       10 2006     0     7440      0.123      1.511      0.781     0.303
       11 2006     0     7200      0.108      1.494      0.746     0.299
       12 2006     0     7440      0.141      1.375      0.735     0.293
        1 2007     0     7440      0.169      1.475      0.784     0.303
        2 2007     0     6720      0.026      1.440      0.708     0.303
        3 2007     0     7440      0.043      1.379      0.710     0.296
        4 2007     0     7200      0.135      1.499      0.764     0.288
        5 2007     0     7440      0.181      1.499      0.831     0.280
        6 2007     0     7200      0.283      1.488      0.851     0.276
        7 2007  2230     5210      0.283      1.436      0.867     0.293
        8 2007    19     7421      0.176      1.496      0.841     0.299
        9 2007   298     6902      0.216      1.449      0.805     0.283
       10 2007   260     7180      0.189      1.547      0.826     0.299
       11 2007     0     7200      0.187      1.521      0.842     0.294
       12 2007     0     7440      0.104      1.397      0.757     0.283
        1 2008     0     7440      0.211      1.493      0.794     0.279
        2 2008     0     6960      0.170      1.334      0.746     0.284
        3 2008     0     7440      0.187      1.356      0.774     0.278
        4 2008     0     7200      0.235      1.479      0.870     0.296
        5 2008     0     7440      0.252      1.587      0.877     0.302
        6 2008     0     7200      0.185      1.562      0.852     0.305
        7 2008     0     7440      0.117      1.451      0.800     0.299
        8 2008     0     7440      0.202      1.466      0.797     0.304
        9 2008     0     7200      0.199      1.352      0.766     0.303
       10 2008     0     7440      0.194      1.382      0.753     0.288
       11 2008     0     7200      0.148      1.437      0.765     0.285
       12 2008     0     7440      0.111      1.455      0.784     0.288
        1 2009     0     7440      0.122      1.543      0.808     0.290
        2 2009     0     6720      0.092      1.519      0.797     0.305
        3 2009     0     7440      0.210      1.465      0.840     0.297
        4 2009     0     7200      0.268      1.432      0.822     0.295
        5 2009     0     7440      0.141      1.365      0.782     0.288
        6 2009     0     7200      0.080      1.439      0.763     0.295
        7 2009     0     7440      0.168      1.548      0.812     0.294
        8 2009     0     7440      0.079      1.513      0.788     0.301
        9 2009     0     7200      0.174      1.463      0.815     0.291
       10 2009     0     7440      0.179      1.402      0.773     0.297
       11 2009     0     7200      0.175      1.317      0.760     0.288
       12 2009     0     7440      0.148      1.392      0.756     0.297
        1 2010     0     7440      0.070      1.474      0.767     0.310
        2 2010     0     6720     -0.381      1.607      0.712     0.304
        3 2010     0     7440     -0.071      1.463      0.693     0.319
        4 2010     0     7200      0.115      1.410      0.717     0.302
        5 2010  4562     2878      0.254      1.301      0.755     0.297
        6 2010  6750      450      0.492      1.195      0.859     0.215
        7 2010  6980      460      0.515      1.151      0.821     0.201
        8 2010  7230      210      0.590      1.144      0.869     0.180
        9 2010  6933      267      0.482      1.185      0.852     0.213
       10 2010     0     7440      0.211      1.609      0.869     0.297
       11 2010     0     7200      0.234      1.533      0.850     0.302
       12 2010     0     7440      0.318      1.484      0.895     0.295
        1 2011     0     7440      0.341      1.633      0.924     0.297
        2 2011     0     6720      0.290      1.681      0.938     0.304
        3 2011  5228     2212      0.464      1.395      0.952     0.259
        4 2011     0     7200      0.293      1.707      0.958     0.307
        5 2011   266     7174      0.260      1.567      0.925     0.291
        6 2011  3312     3888      0.292      1.556      0.914     0.312
        7 2011     0     7440      0.279      1.529      0.905     0.305
        8 2011  1442     5998      0.295      1.553      0.923     0.299
        9 2011     0     7200      0.294      1.633      0.910     0.309
       10 2011     0     7440      0.221      1.667      0.909     0.310
       11 2011     0     7200      0.204      1.603      0.875     0.305
       12 2011     0     7440      0.288      1.631      0.897     0.306
        1 2012     0     7440      0.297      1.541      0.916     0.296
        2 2012     0     6960      0.299      1.540      0.909     0.303
        3 2012     0     7440      0.285      1.588      0.914     0.302
        4 2012     0     7200      0.230      1.604      0.908     0.306
        5 2012     0     7440      0.272      1.651      0.933     0.316
        6 2012     0     7200      0.177      1.549      0.842     0.313
        7 2012     0     7440      0.197      1.561      0.883     0.324
        8 2012     0     7440      0.211      1.539      0.860     0.318
        9 2012     0     7200      0.288      1.483      0.878     0.310
       10 2012     0     7440      0.205      1.576      0.889     0.309
       11 2012     0     7200      0.148      1.613      0.873     0.306
       12 2012     0     7440      0.128      1.737      0.835     0.310
        1 2013     0     7440      0.141      1.559      0.833     0.308
        2 2013     0     6720      0.088      1.489      0.798     0.320
        3 2013     0     7440      0.213      1.480      0.816     0.314
        4 2013     0     7200      0.231      1.510      0.856     0.312
        5 2013     0     7440      0.220      1.549      0.859     0.312
        6 2013     0     7200      0.219      1.633      0.904     0.308
        7 2013     0     7440      0.227      1.668      0.913     0.301
        8 2013     0     7440      0.185      1.607      0.885     0.304
        9 2013     0     7200      0.289      1.619      0.906     0.311
       10 2013     0     7440      0.327      1.539      0.900     0.309
       11 2013     0     7200      0.281      1.520      0.888     0.301
       12 2013     0     7440      0.237      1.578      0.860     0.310
        1 2014     0     7440      0.139      1.665      0.854     0.326
        2 2014     0     6720      0.154      1.621      0.889     0.308
        3 2014     0     7440      0.100      1.616      0.849     0.333
        4 2014     0     7200      0.169      1.466      0.813     0.314
        5 2014     0     7440      0.209      1.418      0.783     0.301
        6 2014     0     7200      0.184      1.466      0.807     0.294
        7 2014     0     7440      0.214      1.615      0.907     0.305
        8 2014     0     7440      0.178      1.652      0.905     0.307
        9 2014     0     7200      0.252      1.689      0.936     0.314
       10 2014     0     7440      0.291      1.633      0.940     0.308
       11 2014     0     7200      0.314      1.585      0.910     0.311
       12 2014     0     7440      0.271      1.513      0.885     0.305
        1 2015     0     7440      0.198      1.634      0.887     0.319
        2 2015     0     6720      0.178      1.690      0.891     0.324
        3 2015     0     7440      0.246      1.671      0.919     0.306
        4 2015     0     7200      0.276      1.602      0.914     0.306
        5 2015     0     7440      0.345      1.553      0.917     0.293
        6 2015     0     7200      0.349      1.501      0.914     0.289
        7 2015     0     7440      0.321      1.663      0.933     0.302
        8 2015     0     7440      0.221      1.655      0.950     0.321
        9 2015     0     7200      0.280      1.680      0.921     0.316
       10 2015     0     7440      0.213      1.632      0.922     0.316
       11 2015     0     7200      0.291      1.663      0.916     0.305
       12 2015     0     7440      0.247      1.569      0.882     0.308
        1 2016     0     7440      0.203      1.477      0.825     0.302
        2 2016     0     6960      0.167      1.544      0.838     0.322
        3 2016     0     7440      0.087      1.493      0.791     0.322
        4 2016     0     7200      0.163      1.574      0.847     0.320
        5 2016     0     7440      0.107      1.434      0.760     0.317
        6 2016     0     7200      0.169      1.541      0.823     0.319
        7 2016     0     7440      0.207      1.524      0.862     0.312
        8 2016     0     7440      0.326      1.574      0.900     0.314
        9 2016     0     7200      0.221      1.595      0.897     0.309
       10 2016     0     7440      0.351      1.690      0.984     0.304
       11 2016     0     7200      0.320      1.682      0.976     0.298
       12 2016     0     7440      0.271      1.742      0.998     0.308
        1 2017     0     7440      0.366      1.703      1.016     0.311
        2 2017     0     6720      0.316      1.669      0.976     0.311
        3 2017     0     7440      0.414      1.670      0.985     0.316
        4 2017     0     7200      0.271      1.634      0.951     0.312
        5 2017     0     7440      0.225      1.626      0.908     0.306
        6 2017     0     7200      0.208      1.597      0.913     0.302
        7 2017     0     7440      0.250      1.599      0.895     0.297
        8 2017     0     7440      0.254      1.580      0.895     0.295
        9 2017     0     7200      0.349      1.535      0.922     0.302
       10 2017     0     7440      0.334      1.551      0.938     0.305
       11 2017     0     7200      0.294      1.637      0.955     0.304
       12 2017     0     7440      0.298      1.683      0.956     0.307
        1 2018     0     7440      0.249      1.725      0.942     0.321
        2 2018     0     6720      0.222      1.671      0.933     0.312
        3 2018     0     7440      0.232      1.637      0.955     0.314
        4 2018     0     7200      0.410      1.544      0.957     0.297
        5 2018     0     7440      0.271      1.556      0.924     0.301
        6 2018     0     7200      0.345      1.681      0.975     0.289
        7 2018  3333     4107      0.312      1.663      0.968     0.321
        8 2018  5027     2413      0.505      1.479      0.973     0.280
        9 2018     0     7200      0.264      1.691      0.977     0.302
       10 2018     0     7440      0.335      1.631      0.965     0.299
       11 2018     0     7200      0.390      1.550      0.948     0.301
       12 2018     0     7440      0.374      1.680      0.988     0.300
        1 2019     0     7440      0.345      1.741      1.028     0.308
        2 2019     0     6720      0.340      1.841      1.046     0.316
        3 2019     0     7440      0.365      1.773      1.017     0.300
        4 2019     0     7200      0.443      1.740      1.067     0.293
        5 2019     0     7440      0.376      1.591      1.017     0.286
        6 2019     0     7200      0.424      1.604      1.026     0.291
        7 2019     0     7440      0.357      1.677      1.026     0.304
        8 2019     0     7440      0.278      1.767      1.024     0.319
        9 2019     0     7200      0.262      1.697      1.011     0.317
       10 2019     0     7440      0.361      1.731      0.996     0.307
       11 2019     0     7200      0.401      1.693      1.004     0.299
       12 2019     0     7440      0.393      1.518      0.960     0.285
        1 2020   256     7184      0.355      1.549      0.936     0.285
        2 2020     0     6960      0.280      1.635      0.921     0.301
        3 2020     0     7440      0.215      1.695      0.934     0.307
        4 2020     0     7200      0.340      1.786      1.030     0.300
        5 2020     0     7440      0.456      1.758      1.068     0.292
        6 2020     0     7200      0.457      1.702      1.023     0.296
        7 2020     0     7440      0.418      1.589      0.995     0.295
        8 2020     0     7440      0.289      1.585      0.942     0.302
        9 2020     0     7200      0.301      1.648      0.956     0.304
       10 2020  1360     6080      0.309      1.701      0.981     0.313
       11 2020  4345     2855      0.539      1.422      0.951     0.242
       12 2020   639     6801      0.410      1.687      1.003     0.279
        1 2021     0     7440      0.452      1.701      1.058     0.289
        2 2021     2     6718      0.496      1.714      1.084     0.292
        3 2021    22     7418      0.503      1.813      1.099     0.315
        4 2021     9     7191      0.432      1.753      1.098     0.301
        5 2021   362     7078      0.419      1.770      1.060     0.296
        6 2021    14     7186      0.340      1.634      1.007     0.292
        7 2021     2     7438      0.397      1.644      0.993     0.282
        8 2021     3     7437      0.407      1.612      0.977     0.277
        9 2021     0     7200      0.420      1.585      0.998     0.287
       10 2021     0     7440      0.457      1.684      1.017     0.299
       11 2021     1     7199      0.377      1.657      0.998     0.297
       12 2021     1     7439      0.352      1.730      1.011     0.305
        1 2022     0     7440      0.290      1.758      1.008     0.310
        2 2022     0     6720      0.289      1.680      0.959     0.289
        3 2022     4     7436      0.296      1.643      0.979     0.311
        4 2022     0     7200      0.429      1.692      1.029     0.293
        5 2022     1     7439      0.416      1.621      1.009     0.284
        6 2022    38     7162      0.378      1.672      1.020     0.286
        7 2022     0     7440      0.336      1.709      1.006     0.281
        8 2022     1     7439      0.317      1.704      0.986     0.294
        9 2022     0     7200      0.351      1.659      0.974     0.293
       10 2022     2     7438      0.371      1.624      0.981     0.290
       11 2022     0     7200      0.343      1.594      0.951     0.297
       12 2022     0     7440      0.296      1.629      0.963     0.296
        1 2023   365     7075      0.270      1.673      0.957     0.294
        2 2023  3262     3458      0.519      1.432      0.967     0.246
      Totals   88768  2547632

      Mean sea level =  0.835  (Average monthly means = 0.835)

      Maximum recorded level of  1.841 metres at 0606 hours 20/02/2019
      Minimum recorded level of -0.381 metres at 2254 hours 27/02/2010
      Standard deviation of the observations =  0.3212 metres 
      Skewness                               =  0.0175
