


      Monthly water temperatures for FIJI
      -----------------------------------

      Mth Year  Gaps     Good     Minimum    Maximum     Mean     St Devn
       10 1992   552      192     26.500     28.600     27.322     0.418
       11 1992     0      720     26.500     29.800     27.869     0.722
       12 1992     0      744     26.100     29.900     28.794     0.622
        1 1993     0      744     26.900     30.100     28.635     0.709
        2 1993     0      672     27.500     30.500     29.000     0.492
        3 1993     0      744     28.200     30.900     29.646     0.436
        4 1993     0      720     28.100     30.100     28.936     0.445
        5 1993     0      744     27.000     29.500     27.953     0.442
        6 1993     0      720     26.400     28.700     27.124     0.308
        7 1993     0      744     24.600     27.000     25.734     0.563
        8 1993     0      744     24.200     25.600     24.896     0.275
        9 1993     0      720     24.600     26.500     25.492     0.410
       10 1993     0      744     25.100     28.500     26.360     0.787
       11 1993     0      720     27.500     29.800     28.621     0.474
       12 1993    72      672     28.400     31.100     29.536     0.457
        1 1994     0      744     28.800     31.600     29.873     0.437
        2 1994     0      672     28.600     31.300     30.182     0.537
        3 1994     0      744     28.700     32.100     30.318     0.707
        4 1994     0      720     27.900     30.600     29.318     0.648
        5 1994     0      744     26.800     29.000     27.834     0.515
        6 1994     4      716     25.300     27.200     25.837     0.354
        7 1994     0      744     24.900     26.200     25.419     0.268
        8 1994     0      744     25.100     27.100     25.786     0.353
        9 1994     0      720     24.700     26.900     25.451     0.396
       10 1994     0      744     25.500     28.000     26.583     0.541
       11 1994     2      718     27.100     29.400     28.009     0.491
       12 1994     4      740     27.500     29.800     28.645     0.465
        1 1995     1      743     28.300     30.600     29.341     0.449
        2 1995     5      667     28.500     30.600     29.557     0.478
        3 1995     5      739     28.900     31.600     30.433     0.582
        4 1995     5      715     28.900     31.500     30.083     0.647
        5 1995    24      720     27.200     29.500     28.168     0.467
        6 1995    70      650     26.000     29.200     27.099     0.484
        7 1995   744        0
        8 1995   744        0
        9 1995   720        0
       10 1995   744        0
       11 1995   720        0
       12 1995   744        0
        1 1996   744        0
        2 1996   696        0
        3 1996   744        0
        4 1996     7      713     28.200     30.400     29.542     0.290
        5 1996    16      728     27.100     29.400     28.185     0.485
        6 1996     1      719     26.200     27.900     27.156     0.273
        7 1996     1      743     26.000     28.200     27.150     0.368
        8 1996     2      742     25.500     27.400     26.246     0.359
        9 1996     1      719     26.500     27.900     27.095     0.283
       10 1996     0      744     26.900     29.200     27.710     0.425
       11 1996    27      693     27.700     30.400     28.911     0.606
       12 1996     0      744     27.900     30.500     29.635     0.517
        1 1997     2      742     27.500     32.200     30.013     1.049
        2 1997     5      667     28.200     31.400     30.090     0.668
        3 1997     8      736     27.600     31.400     29.797     0.779
        4 1997     4      716     27.600     30.500     28.870     0.818
        5 1997     9      735     26.600     28.700     27.513     0.286
        6 1997     1      719     25.400     27.100     26.144     0.307
        7 1997    18      726     24.800     27.300     25.824     0.438
        8 1997   241      503     24.800     26.400     25.464     0.325
        9 1997     4      716     24.800     27.100     25.606     0.457
       10 1997     1      743     25.500     28.000     26.676     0.470
       11 1997     4      716     27.000     30.000     28.359     0.726
       12 1997     0      744     28.400     30.700     29.515     0.458
        1 1998   372      372     28.400     30.800     29.775     0.515
        2 1998    28      644     29.200     31.300     30.068     0.447
        3 1998     0      744     29.200     31.700     30.115     0.428
        4 1998     0      720     28.900     30.300     29.655     0.273
        5 1998     0      744     27.100     29.700     28.288     0.523
        6 1998     4      716     26.100     28.200     27.057     0.399
        7 1998     6      738     25.400     27.200     26.167     0.375
        8 1998     2      742     25.700     27.200     26.261     0.304
        9 1998     0      720     25.500     27.600     26.286     0.339
       10 1998     0      744     26.400     29.800     27.932     0.803
       11 1998     0      720     27.900     31.700     29.574     0.865
       12 1998     0      744     29.900     31.900     30.758     0.398
        1 1999     0      744     27.600     31.800     30.014     0.980
        2 1999     3      669     27.600     31.100     29.336     0.884
        3 1999     2      742     29.700     31.600     30.603     0.442
        4 1999     0      720     28.800     30.900     29.896     0.366
        5 1999     0      744     27.300     30.300     28.749     0.751
        6 1999     1      719     26.800     28.200     27.273     0.250
        7 1999     5      739     26.600     28.100     27.195     0.285
        8 1999     0      744     26.300     27.700     26.842     0.254
        9 1999     0      720     26.600     28.400     27.412     0.372
       10 1999     0      744     26.800     29.500     27.945     0.487
       11 1999     0      720     27.300     30.500     28.988     0.620
       12 1999     1      743     28.600     31.600     29.811     0.609
        1 2000     0      744     28.100     31.600     30.078     0.662
        2 2000     0      696     28.700     31.400     30.193     0.493
        3 2000     1      743     29.000     31.600     30.490     0.461
        4 2000     0      720     28.700     31.100     29.769     0.456
        5 2000     0      744     27.800     29.500     28.776     0.249
        6 2000     0      720     27.000     29.100     28.092     0.402
        7 2000     0      744     26.300     27.800     26.985     0.325
        8 2000     0      744     25.700     27.800     26.699     0.333
        9 2000     0      720     26.700     28.500     27.561     0.330
       10 2000     0      744     26.900     29.300     27.794     0.463
       11 2000     3      717     27.800     30.100     28.722     0.414
       12 2000     0      744     27.000     30.700     29.010     0.637
        1 2001     0      744     29.300     31.500     30.233     0.417
        2 2001     1      671     29.900     31.900     30.734     0.381
        3 2001     0      744     28.800     31.600     30.002     0.527
        4 2001     1      719     28.900     30.900     29.838     0.335
        5 2001     1      743     27.600     30.000     28.723     0.567
        6 2001     0      720     26.200     28.600     27.250     0.574
        7 2001     0      744     25.700     27.400     26.632     0.387
        8 2001     0      744     25.200     27.300     26.407     0.415
        9 2001     0      720     26.300     28.200     27.062     0.328
       10 2001     1      743     26.200     29.400     27.887     0.618
       11 2001     1      719     28.000     30.600     29.241     0.429
       12 2001     1      743     28.600     31.200     29.600     0.608
        1 2002     0      744     28.800     32.000     30.477     0.637
        2 2002     1      671     28.500     32.400     30.786     0.759
        3 2002     0      744     28.800     31.400     30.021     0.451
        4 2002     1      719     29.100     31.600     30.262     0.593
        5 2002     0      744     28.300     29.900     28.971     0.288
        6 2002     1      719     27.300     29.600     28.061     0.402
        7 2002     2      742     26.000     28.100     27.099     0.469
        8 2002     1      743     25.400     27.000     25.954     0.265
        9 2002     0      720     25.600     27.700     26.430     0.411
       10 2002     0      744     26.400     29.100     27.336     0.551
       11 2002     0      720     27.700     30.000     28.513     0.379
       12 2002     1      743     27.900     30.600     29.221     0.557
        1 2003     1      743     28.700     31.000     29.868     0.444
        2 2003     1      671     29.400     31.400     30.253     0.336
        3 2003     0      744     28.300     31.300     29.950     0.580
        4 2003     1      719     29.100     31.700     29.938     0.417
        5 2003     1      743     28.500     30.300     29.324     0.377
        6 2003     0      720     26.500     29.000     27.559     0.606
        7 2003     0      744     25.200     27.800     26.270     0.543
        8 2003     0      744     24.500     27.200     25.294     0.398
        9 2003     0      720     24.600     27.500     25.936     0.882
       10 2003     0      744     26.200     28.400     27.143     0.391
       11 2003     1      719     26.800     29.500     28.107     0.533
       12 2003     0      744     28.100     31.200     29.169     0.592
        1 2004     2      742     29.200     31.200     30.068     0.383
        2 2004     1      695     27.800     31.400     29.978     0.681
        3 2004     6      738     28.900     31.200     30.160     0.409
        4 2004     0      720     28.600     30.600     29.376     0.423
        5 2004     1      743     27.500     29.700     28.355     0.491
        6 2004     0      720     26.600     28.100     27.426     0.267
        7 2004     0      744     25.800     27.600     26.594     0.313
        8 2004     0      744     25.300     27.800     26.288     0.420
        9 2004     0      720     25.400     27.400     26.288     0.326
       10 2004     0      744     26.500     29.200     27.706     0.642
       11 2004     0      720     27.800     30.000     28.623     0.411
       12 2004     0      744     27.600     31.500     29.332     1.180
        1 2005     0      744     29.600     31.800     30.586     0.485
        2 2005     0      672     29.800     31.500     30.587     0.337
        3 2005     1      743     29.600     31.900     30.661     0.322
        4 2005     0      720     28.500     31.500     30.033     0.602
        5 2005     0      744     27.700     29.700     28.620     0.452
        6 2005     1      719     26.100     28.500     26.979     0.606
        7 2005     7      737     25.500     26.800     26.083     0.230
        8 2005   173      571     25.200     26.900     25.937     0.304
        9 2005     0      720     25.600     28.300     26.971     0.597
       10 2005   285      459     27.000     29.900     28.358     0.640
       11 2005     0      720     28.100     30.600     29.180     0.571
       12 2005     1      743     28.800     31.000     29.820     0.403
        1 2006     0      744     28.300     31.300     30.119     0.518
        2 2006     0      672     28.800     31.500     30.113     0.552
        3 2006     1      743     29.900     31.900     30.759     0.377
        4 2006     0      720     29.900     32.500     30.537     0.325
        5 2006     1      743     27.800     31.000     29.341     0.775
        6 2006     0      720     25.900     28.900     27.762     0.677
        7 2006     0      744     24.900     26.900     25.776     0.478
        8 2006     0      744     25.100     27.000     25.899     0.346
        9 2006     0      720     25.800     28.300     26.882     0.523
       10 2006     0      744     25.800     28.100     26.769     0.455
       11 2006     0      720     27.100     30.400     28.469     0.741
       12 2006     0      744     28.400     31.000     29.406     0.482
        1 2007     0      744     29.800     31.700     30.658     0.428
        2 2007    11      661     29.200     31.400     30.269     0.436
        3 2007     0      744     28.000     31.200     29.888     0.503
        4 2007     0      720     28.900     31.400     29.822     0.596
        5 2007     1      743     27.600     30.200     28.696     0.565
        6 2007     0      720     27.600     28.900     28.181     0.246
        7 2007     0      744     26.900     28.200     27.458     0.218
        8 2007     0      744     26.900     28.200     27.488     0.266
        9 2007     0      720     27.300     29.700     28.149     0.419
       10 2007     1      743     28.200     30.400     29.161     0.404
       11 2007     0      720     28.100     30.700     29.456     0.500
       12 2007     1      743     28.400     31.300     29.788     0.517
        1 2008     0      744     27.200     31.800     29.933     0.957
        2 2008     1      695     27.200     31.000     29.353     1.034
        3 2008     1      743     28.800     31.400     30.066     0.553
        4 2008     2      718     29.000     30.500     29.728     0.281
        5 2008     0      744     26.900     30.100     28.204     0.761
        6 2008     0      720     26.500     28.300     27.268     0.274
        7 2008     5      739     26.000     27.500     26.665     0.314
        8 2008     0      744     26.500     28.000     27.273     0.307
        9 2008     0      720     26.900     28.600     27.594     0.297
       10 2008     6      738     27.000     29.700     28.326     0.708
       11 2008     0      720     28.300     30.700     29.493     0.432
       12 2008     0      744     29.500     31.600     30.488     0.508
        1 2009     0      744     26.900     31.700     29.637     0.896
        2 2009     5      667     28.900     31.100     30.023     0.524
        3 2009     1      743     28.800     31.600     30.420     0.621
        4 2009     1      719     28.500     30.200     29.218     0.365
        5 2009     0      744     27.000     29.600     28.218     0.566
        6 2009     0      720     25.800     27.900     26.962     0.372
        7 2009     1      743     25.600     27.300     26.553     0.335
        8 2009     0      744     25.000     27.300     26.031     0.409
        9 2009     0      720     25.100     29.300     26.329     0.696
       10 2009     0      744     26.400     28.500     27.163     0.402
       11 2009     0      720     26.700     29.700     27.875     0.748
       12 2009     0      744     26.800     29.800     28.403     0.551
        1 2010     0      744     27.900     32.200     30.030     0.952
        2 2010     0      672     29.700     31.500     30.407     0.308
        3 2010     0      744     29.200     31.300     30.033     0.445
        4 2010     0      720     28.600     30.400     29.485     0.325
        5 2010     0      744     28.300     29.500     28.775     0.282
        6 2010     6      714     27.800     29.400     28.484     0.333
        7 2010   184      560     26.500     28.600     27.282     0.486
        8 2010     0      744     26.700     28.700     27.347     0.370
        9 2010     0      720     26.900     29.300     27.995     0.505
       10 2010     0      744     27.300     29.800     28.772     0.456
       11 2010   213      507     26.600     30.000     28.416     0.576
       12 2010     0      744     27.600     30.300     29.255     0.540
        1 2011     0      744     27.200     31.400     29.199     0.885
        2 2011     0      672     27.900     30.900     29.541     0.568
        3 2011     0      744     29.000     31.300     29.954     0.354
        4 2011     0      720     29.000     30.700     29.912     0.348
        5 2011     0      744     28.500     30.100     29.155     0.333
        6 2011    61      659     27.400     29.300     28.435     0.411
        7 2011     1      743     26.600     28.000     27.310     0.197
        8 2011     0      744     25.600     27.800     26.546     0.324
        9 2011     0      720     26.600     28.400     27.232     0.391
       10 2011     0      744     26.400     30.100     28.139     0.658
       11 2011     0      720     27.900     29.800     29.098     0.312
       12 2011     0      744     28.600     31.100     29.937     0.443
        1 2012     0      744     26.800     31.100     30.023     0.703
        2 2012     1      695     27.200     30.400     29.053     0.819
        3 2012     0      744     26.500     31.500     30.014     0.941
        4 2012     0      720     26.900     30.300     28.967     0.507
        5 2012     0      744     26.600     29.800     28.402     0.767
        6 2012     0      720     26.300     28.000     26.935     0.308
        7 2012     0      744     25.800     27.300     26.504     0.316
        8 2012     3      741     25.800     29.100     26.807     0.370
        9 2012     0      720     26.100     28.700     27.165     0.412
       10 2012     0      744     26.400     30.400     28.255     0.800
       11 2012     1      719     27.500     29.900     28.594     0.475
       12 2012     0      744     27.100     30.900     29.409     0.882
        1 2013     0      744     29.100     31.800     30.374     0.714
        2 2013     0      672     28.100     31.000     29.775     0.554
        3 2013     0      744     28.600     30.300     29.322     0.351
        4 2013     0      720     28.300     30.700     29.705     0.399
        5 2013     0      744     27.500     29.400     28.455     0.359
        6 2013     0      720     27.200     28.300     27.637     0.217
        7 2013     0      744     26.100     28.300     27.024     0.489
        8 2013     0      744     26.300     28.000     26.966     0.316
        9 2013     0      720     25.300     28.500     26.779     0.702
       10 2013     0      744     26.800     28.400     27.388     0.306
       11 2013     0      720     27.700     30.500     29.276     0.494
       12 2013     0      744     29.100     31.100     29.889     0.398
        1 2014     0      744     29.100     32.000     30.660     0.472
        2 2014     1      671     29.200     31.600     30.490     0.460
        3 2014     0      744     29.500     31.200     30.285     0.370
        4 2014     0      720     27.900     30.100     29.419     0.339
        5 2014     4      740     27.000     29.300     28.119     0.635
        6 2014     0      720     26.800     28.300     27.280     0.242
        7 2014     0      744     24.900     27.200     26.052     0.601
        8 2014    53      691     25.300     27.000     25.927     0.328
        9 2014     0      720     25.900     28.600     26.989     0.429
       10 2014     0      744     27.100     28.600     27.684     0.305
       11 2014     0      720     27.300     29.700     28.365     0.530
       12 2014     0      744     28.100     30.500     29.095     0.567
        1 2015     0      744     28.700     32.200     29.969     0.732
        2 2015     0      672     29.900     32.300     31.070     0.507
        3 2015     0      744     29.100     32.400     30.384     0.788
        4 2015     2      718     28.500     30.200     29.212     0.378
        5 2015     0      744     27.300     29.400     28.113     0.529
        6 2015     0      720     25.400     28.300     26.958     0.721
        7 2015     0      744     25.400     27.100     26.126     0.313
        8 2015     0      744     24.900     26.700     25.555     0.354
        9 2015     0      720     25.100     27.100     25.917     0.325
       10 2015     0      744     25.800     28.700     26.949     0.843
       11 2015     0      720     27.800     29.800     28.873     0.415
       12 2015     0      744     28.300     31.000     29.309     0.516
        1 2016     0      744     28.200     31.800     29.949     0.881
        2 2016     0      696     28.900     32.700     30.969     0.892
        3 2016     0      744     29.700     31.900     30.659     0.348
        4 2016     5      715     28.000     31.600     29.436     0.524
        5 2016     0      744     28.100     29.400     28.644     0.254
        6 2016     0      720     26.700     28.500     27.448     0.444
        7 2016     2      742     25.800     27.900     26.683     0.371
        8 2016     0      744     25.700     27.900     26.522     0.346
        9 2016     0      720     26.200     28.400     26.847     0.397
       10 2016     0      744     26.800     29.600     28.212     0.544
       11 2016     1      719     27.700     30.400     29.251     0.537
       12 2016     0      744     27.500     30.800     29.606     0.718
        1 2017     0      744     29.300     31.700     30.469     0.497
        2 2017     0      672     29.000     31.700     30.105     0.641
        3 2017     4      740     29.000     31.500     30.097     0.493
        4 2017     0      720     29.300     31.400     30.168     0.450
        5 2017     7      737     28.200     29.900     29.098     0.400
        6 2017     0      720     27.400     28.800     27.962     0.375
        7 2017     0      744     26.100     27.600     27.010     0.304
        8 2017     0      744     25.900     28.300     26.512     0.437
        9 2017     0      720     27.000     28.800     27.748     0.375
       10 2017     0      744     27.600     29.900     28.463     0.408
       11 2017     0      720     28.400     30.400     29.223     0.318
       12 2017     0      744     29.000     30.600     29.581     0.340
        1 2018     0      744     28.300     32.200     30.689     0.697
        2 2018     9      663     28.300     31.500     29.775     0.713
        3 2018     0      744     27.900     31.200     29.712     0.652
        4 2018     1      719     27.700     29.700     28.719     0.437
        5 2018     0      744     27.400     29.500     27.952     0.289
        6 2018     0      720     26.400     28.800     27.595     0.373
        7 2018     0      744     26.000     27.500     26.515     0.272
        8 2018     0      744     25.100     27.500     26.169     0.527
        9 2018     0      720     26.400     28.300     27.347     0.281
       10 2018     0      744     26.800     29.800     28.008     0.455
       11 2018     0      720     27.500     30.800     28.573     0.788
       12 2018     0      744     29.300     31.600     30.261     0.460
        1 2019     2      742     29.400     32.200     30.603     0.581
        2 2019     0      672     30.100     33.000     31.137     0.550
        3 2019     0      744     29.500     31.600     30.544     0.381
        4 2019     0      720     29.500     31.000     30.133     0.312
        5 2019     3      741     27.600     29.900     28.586     0.569
        6 2019     0      720     27.000     28.800     27.735     0.358
        7 2019     1      743     26.700     28.100     27.293     0.258
        8 2019     0      744     26.900     28.300     27.461     0.230
        9 2019     0      720     26.500     28.200     27.068     0.310
       10 2019     0      744     27.200     29.300     28.131     0.459
       11 2019     1      719     27.600     29.900     28.348     0.425
       12 2019     0      744     27.800     30.600     29.264     0.541
        1 2020    51      693     28.500     31.200     29.800     0.434
        2 2020     0      696     30.200     32.200     30.940     0.378
        3 2020     2      742     28.500     31.900     30.145     0.645
        4 2020     1      719     28.600     30.300     29.553     0.287
        5 2020     2      742     28.100     30.000     28.812     0.438
        6 2020     0      720     27.400     29.100     28.077     0.399
        7 2020    13      731     27.000     28.100     27.467     0.194
        8 2020   696       48     27.500     27.900     27.662     0.097
        9 2020   720        0
       10 2020   744        0
       11 2020   720        0
       12 2020   744        0
        1 2021   744        0
        2 2021   672        0
        3 2021   744        0
        4 2021   720        0
        5 2021   744        0
        6 2021   720        0
        7 2021   744        0
        8 2021   744        0
        9 2021   720        0
       10 2021   744        0
       11 2021   720        0
       12 2021   421      323     29.200     30.700     30.012     0.340
        1 2022   241      503     28.000     31.700     29.996     0.903
        2 2022    43      629     27.300     31.800     29.694     0.890
        3 2022    82      662     28.500     31.700     30.243     0.629
        4 2022     3      717     28.600     30.900     29.825     0.464
        5 2022     1      743     28.100     30.300     28.839     0.498
        6 2022     0      720     27.400     29.300     28.072     0.408
        7 2022     0      744     27.600     28.500     27.938     0.181
        8 2022     0      744     27.100     29.000     27.700     0.379
        9 2022     0      720     27.500     29.100     28.167     0.399
       10 2022     0      744     28.100     30.300     28.747     0.395
       11 2022     0      720     28.600     31.500     29.570     0.650
       12 2022   204      540     29.500     31.700     30.559     0.457
        1 2023    72      672     29.000     32.000     29.996     0.601
        2 2023     0      672     28.000     32.000     30.065     0.560
      Totals   22001   244591

      Mean water temperature = 28.508  (Average monthly means =28.515)

      Maximum recorded temperature of 33.000 deg C at 0500 hours 10/02/2019
      Minimum recorded temperature of 24.200 deg C at 2200 hours 14/08/1993
      Standard deviation of the observations =  1.5577 deg C  
      Skewness                               = -0.1927
